STUDY_ID	SAMPLE_ID	TIA1	TIAL1	TPX2	AURKA	BRCA1	BRCA2	TP53
ov_tcga_pan_can_atlas_2018	TCGA-29-1699-01	-0.22	-0.292	0.487	0.835	-0.438	-0.82	-0.752
ov_tcga_pan_can_atlas_2018	TCGA-29-1698-01	-0.061	-0.177	1.1	1.33	-0.165	-0.745	-0.187
ov_tcga_pan_can_atlas_2018	TCGA-29-1697-01	0.03	-0.134	0.137	1.64	-0.94	-0.964	0.151
ov_tcga_pan_can_atlas_2018	TCGA-29-1696-01	-0.045	0.003	-0.008	0.928	0.063	0.878	-0.916
ov_tcga_pan_can_atlas_2018	TCGA-29-1695-01	-0.059	-0.061	1.59	-0.199	-0.511	0.346	-0.554
ov_tcga_pan_can_atlas_2018	TCGA-29-1694-01	-0.001	-0.792	0.011	0.012	-0.769	-0.253	-0.769
ov_tcga_pan_can_atlas_2018	TCGA-29-1693-01	-0.815	-0.842	-0.423	1.05	-0.801	-0.834	-0.848
ov_tcga_pan_can_atlas_2018	TCGA-29-1692-01	0.027	0.107	-0.029	-0.018	-0.344	-0.759	-0.344
ov_tcga_pan_can_atlas_2018	TCGA-29-1691-01	-0.135	-0.596	0.364	0.364	0.514	-0.621	-0.039
ov_tcga_pan_can_atlas_2018	TCGA-29-1690-01	-0.002	0.019	0.025	0.025	0.05	-0.013	0.05
ov_tcga_pan_can_atlas_2018	TCGA-29-1688-01	-0.335	-0.199	0.011	0.843	-0.876	0.025	-0.876
ov_tcga_pan_can_atlas_2018	TCGA-25-2409-01	NA	NA	NA	NA	NA	NA	NA
ov_tcga_pan_can_atlas_2018	TCGA-25-2408-01	0.007	-0.025	0.718	0.718	-0.022	0.006	-0.022
ov_tcga_pan_can_atlas_2018	TCGA-25-2404-01	0.016	0.385	0.508	0.508	0.166	-0.515	0.337
ov_tcga_pan_can_atlas_2018	TCGA-25-2401-01	0	-0.05	-0.005	0.533	-0.539	-1.19	-0.396
ov_tcga_pan_can_atlas_2018	TCGA-25-2400-01	-0.159	-0.128	0.842	0.842	-0.291	-0.603	0.581
ov_tcga_pan_can_atlas_2018	TCGA-25-2399-01	1.56	-0.251	0.094	0.094	-0.69	-0.819	-0.784
ov_tcga_pan_can_atlas_2018	TCGA-25-2398-01	0.369	0	1.43	0.821	-0.364	0.294	-0.005
ov_tcga_pan_can_atlas_2018	TCGA-25-2397-01	0.04	-0.073	-0.007	-0.009	-0.813	-0.826	0.025
ov_tcga_pan_can_atlas_2018	TCGA-25-2396-01	-0.16	0.016	1.35	1.35	0.04	-0.645	-0.265
ov_tcga_pan_can_atlas_2018	TCGA-25-2393-01	1.03	0.035	0.212	0.212	-0.524	-0.577	-0.527
ov_tcga_pan_can_atlas_2018	TCGA-25-2392-01	0.052	0.173	-0.198	1.23	0.187	-0.88	-0.168
ov_tcga_pan_can_atlas_2018	TCGA-25-2391-01	0.698	-0.74	0.007	0.007	-0.831	-0.844	-0.856
ov_tcga_pan_can_atlas_2018	TCGA-25-2042-01	-0.022	-0.499	0.012	0.515	-0.488	0.396	-0.488
ov_tcga_pan_can_atlas_2018	TCGA-25-1878-01	0.142	0.191	0.114	0.114	0.077	-0.498	0.077
ov_tcga_pan_can_atlas_2018	TCGA-25-1877-01	1.41	0.595	1.96	1.2	0.576	-0.099	-0.296
ov_tcga_pan_can_atlas_2018	TCGA-25-1871-01	0.004	0.034	2.73	0.979	-0.317	0.127	0.123
ov_tcga_pan_can_atlas_2018	TCGA-25-1870-01	0.341	0	0.832	0.857	-0.364	0.335	-0.349
ov_tcga_pan_can_atlas_2018	TCGA-25-1635-01	0.078	-0.444	0.109	0.627	-0.42	-0.421	-0.419
ov_tcga_pan_can_atlas_2018	TCGA-25-1634-01	0.665	0.402	0.428	0.428	-0.005	-0.269	0.38
ov_tcga_pan_can_atlas_2018	TCGA-25-1633-01	0.507	0.062	0.454	1.11	-0.425	-0.425	-0.425
ov_tcga_pan_can_atlas_2018	TCGA-25-1632-01	0.031	-0.42	0.134	0.16	-0.814	-0.415	-0.748
ov_tcga_pan_can_atlas_2018	TCGA-25-1631-01	0.178	-0.435	0.202	1.03	-0.412	-0.433	-0.861
ov_tcga_pan_can_atlas_2018	TCGA-25-1630-01	0.035	-0.046	0.065	0.249	-0.622	-0.005	-0.622
ov_tcga_pan_can_atlas_2018	TCGA-25-1628-01	0.423	-0.001	0.886	0.886	-0.188	-0.229	-0.188
ov_tcga_pan_can_atlas_2018	TCGA-25-1627-01	-0.181	0.049	0.821	0.975	-0.21	-0.433	-0.21
ov_tcga_pan_can_atlas_2018	TCGA-25-1626-01	0.33	0.144	0.496	0.496	-0.098	0.107	-0.098
ov_tcga_pan_can_atlas_2018	TCGA-25-1625-01	0	0.004	-0.022	-0.029	-0.597	-0.005	-0.597
ov_tcga_pan_can_atlas_2018	TCGA-25-1623-01	0.268	0.364	0.237	0.912	-0.049	-0.072	-0.049
ov_tcga_pan_can_atlas_2018	TCGA-25-1329-01	0.316	-0.583	2.25	2.41	-0.044	-0.237	-0.645
ov_tcga_pan_can_atlas_2018	TCGA-25-1328-01	NA	NA	NA	NA	NA	NA	NA
ov_tcga_pan_can_atlas_2018	TCGA-25-1326-01	NA	NA	NA	NA	NA	NA	NA
ov_tcga_pan_can_atlas_2018	TCGA-25-1324-01	NA	NA	NA	NA	NA	NA	NA
ov_tcga_pan_can_atlas_2018	TCGA-25-1323-01	0.642	0.833	1.87	1.76	-0.746	0.779	-0.674
ov_tcga_pan_can_atlas_2018	TCGA-25-1322-01	-0.018	0.004	2.4	0.204	-0.762	1.79	-0.762
ov_tcga_pan_can_atlas_2018	TCGA-25-1321-01	-0.232	0.47	1.48	1.49	-0.198	-0.54	-0.198
ov_tcga_pan_can_atlas_2018	TCGA-25-1320-01	0.092	-0.277	0.587	0.71	-0.435	0.307	0.117
ov_tcga_pan_can_atlas_2018	TCGA-25-1319-01	0.556	-0.015	0.608	0.608	0.499	-0.667	-0.734
ov_tcga_pan_can_atlas_2018	TCGA-25-1318-01	0.255	0.264	0.777	0.913	-0.274	-1	-0.274
ov_tcga_pan_can_atlas_2018	TCGA-25-1317-01	0.64	0.963	1.76	1.76	-0.403	0.142	-0.52
ov_tcga_pan_can_atlas_2018	TCGA-25-1316-01	-0.021	0.066	0.121	0.121	-0.684	0	-0.655
ov_tcga_pan_can_atlas_2018	TCGA-25-1315-01	1.02	0.041	0.015	0.015	-0.948	-1.08	0.01
ov_tcga_pan_can_atlas_2018	TCGA-25-1314-01	0.611	0.018	-0.017	0.117	-0.684	-0.038	-0.684
ov_tcga_pan_can_atlas_2018	TCGA-25-1313-01	0.273	0.347	0.018	1.68	-0.488	-0.543	0.102
ov_tcga_pan_can_atlas_2018	TCGA-25-1312-01	0.652	-0.448	1.47	1.56	-0.767	1.19	-0.554
ov_tcga_pan_can_atlas_2018	TCGA-24-2298-01	0.014	-0.403	0.105	0.14	0.056	0.085	-0.999
ov_tcga_pan_can_atlas_2018	TCGA-24-2297-01	-0.037	-0.899	0.038	0.076	-0.876	-0.024	-0.915
ov_tcga_pan_can_atlas_2018	TCGA-24-2295-01	0.383	-0.025	1.11	1.11	-0.012	-0.519	-0.933
ov_tcga_pan_can_atlas_2018	TCGA-24-2293-01	0.03	0.007	0.222	0.222	-0.216	0.095	0.046
ov_tcga_pan_can_atlas_2018	TCGA-24-2290-01	-0.116	0.066	0.023	0.023	-0.877	-0.932	-0.901
ov_tcga_pan_can_atlas_2018	TCGA-24-2289-01	0.449	-0.002	-0.645	0.648	0.006	-0.02	-0.042
ov_tcga_pan_can_atlas_2018	TCGA-24-2288-01	0.126	-0.045	0.379	0.455	0.172	-0.132	-0.444
ov_tcga_pan_can_atlas_2018	TCGA-24-2281-01	0.11	-0.007	0.372	0.439	-0.387	-0.089	0.346
ov_tcga_pan_can_atlas_2018	TCGA-24-2280-01	0.06	-0.214	0.163	0.598	-0.657	-0.731	-0.673
ov_tcga_pan_can_atlas_2018	TCGA-24-2271-01	0	0.027	-0.004	0.007	-0.666	-0.027	-0.666
ov_tcga_pan_can_atlas_2018	TCGA-24-2267-01	0	0.366	0.142	-0.373	0.033	-0.348	-0.374
ov_tcga_pan_can_atlas_2018	TCGA-24-2262-01	-0.022	-0.72	0.021	-0.017	-0.706	-0.712	-0.096
ov_tcga_pan_can_atlas_2018	TCGA-24-2261-01	0.324	0.132	0.178	0.178	-0.064	-0.529	-0.565
ov_tcga_pan_can_atlas_2018	TCGA-24-2260-01	0.096	0	1.31	1	-0.542	-0.434	0.517
ov_tcga_pan_can_atlas_2018	TCGA-24-2254-01	0.008	-0.719	0.06	0.139	-0.767	-0.807	0.114
ov_tcga_pan_can_atlas_2018	TCGA-24-2038-01	0.003	0	0.024	0.024	0.017	-0.015	0.017
ov_tcga_pan_can_atlas_2018	TCGA-24-2035-01	0.005	0.02	0.047	0.047	-0.458	0.029	-0.567
ov_tcga_pan_can_atlas_2018	TCGA-24-2033-01	0.594	-0.01	0.68	2.12	-0.547	-0.042	-0.558
ov_tcga_pan_can_atlas_2018	TCGA-24-2030-01	0.028	-0.554	0.105	-0.529	-0.481	-0.598	-0.466
ov_tcga_pan_can_atlas_2018	TCGA-24-2029-01	0.424	0.044	0.003	0.047	-0.624	0.003	-0.63
ov_tcga_pan_can_atlas_2018	TCGA-24-2027-01	0	0.103	0.799	0.67	-0.054	-0.94	-0.034
ov_tcga_pan_can_atlas_2018	TCGA-24-2026-01	0.021	-0.765	0.666	0.624	-0.315	-0.77	-0.34
ov_tcga_pan_can_atlas_2018	TCGA-24-2024-01	1.13	0.021	0.015	0.092	-0.927	-0.933	0.04
ov_tcga_pan_can_atlas_2018	TCGA-24-2023-01	0.002	0.034	1.08	0.045	-0.993	-0.435	0.039
ov_tcga_pan_can_atlas_2018	TCGA-24-2020-01	-0.483	0.603	2.04	1.93	-0.566	-1.08	-0.351
ov_tcga_pan_can_atlas_2018	TCGA-24-2019-01	1.36	0.258	1.35	0.974	-0.387	-0.495	-0.362
ov_tcga_pan_can_atlas_2018	TCGA-24-1930-01	-0.513	0.553	0.615	0.067	0.103	0.422	-0.474
ov_tcga_pan_can_atlas_2018	TCGA-24-1928-01	0.209	-0.662	2	2.05	-0.678	-0.205	-0.678
ov_tcga_pan_can_atlas_2018	TCGA-24-1927-01	-0.015	0.831	-0.026	-0.04	-0.345	0.018	-0.891
ov_tcga_pan_can_atlas_2018	TCGA-24-1924-01	0.12	0.003	0.524	0.524	-0.555	-0.46	0.017
ov_tcga_pan_can_atlas_2018	TCGA-24-1923-01	-0.142	0.091	0.104	0.096	-0.467	0.039	-0.467
ov_tcga_pan_can_atlas_2018	TCGA-24-1920-01	1.83	-0.05	1.15	1.52	-0.703	-0.698	-0.025
ov_tcga_pan_can_atlas_2018	TCGA-24-1852-01	0.473	-0.013	1.6	1.54	-0.614	-1.04	0.857
ov_tcga_pan_can_atlas_2018	TCGA-24-1850-01	1.61	-0.211	0.611	0.718	0.333	-0.272	-0.301
ov_tcga_pan_can_atlas_2018	TCGA-24-1849-01	0.022	-0.468	0.041	0.678	-0.511	0.042	-0.518
ov_tcga_pan_can_atlas_2018	TCGA-24-1847-01	0	-0.031	0.321	1.33	-0.363	0.128	-0.489
ov_tcga_pan_can_atlas_2018	TCGA-24-1846-01	0.02	0.022	0.045	-0.858	-0.826	-0.869	-0.829
ov_tcga_pan_can_atlas_2018	TCGA-24-1845-01	-0.588	0.007	0.506	0.506	-0.011	-0.575	-0.568
ov_tcga_pan_can_atlas_2018	TCGA-24-1844-01	-0.184	-0.539	0.24	0.973	0.114	-0.414	-0.272
ov_tcga_pan_can_atlas_2018	TCGA-24-1843-01	0.006	0.051	0.732	0.282	-0.52	-0.561	-0.53
ov_tcga_pan_can_atlas_2018	TCGA-24-1842-01	0.244	-0.172	0.953	0.2	-0.656	-0.608	-0.663
ov_tcga_pan_can_atlas_2018	TCGA-24-1616-01	0.417	0.431	-0.009	0.716	-0.529	-0.53	-0.529
ov_tcga_pan_can_atlas_2018	TCGA-24-1614-01	0.467	-0.555	-0.045	0.514	-0.55	-0.569	-0.585
ov_tcga_pan_can_atlas_2018	TCGA-24-1604-01	-0.05	-0.403	1.05	1.55	-0.471	-0.518	-0.228
ov_tcga_pan_can_atlas_2018	TCGA-24-1603-01	0.008	0.037	0.069	0.538	-0.817	-0.875	-0.843
ov_tcga_pan_can_atlas_2018	TCGA-24-1567-01	0	0.067	0.007	0.772	-0.891	0.014	-0.891
ov_tcga_pan_can_atlas_2018	TCGA-24-1565-01	-0.013	0.036	0.08	0.08	0.091	-0.011	0.139
ov_tcga_pan_can_atlas_2018	TCGA-24-1564-01	0.063	0.324	-0.017	-0.037	-0.218	-0.26	1.02
ov_tcga_pan_can_atlas_2018	TCGA-24-1563-01	-0.129	-0.054	0.011	0.057	-0.762	-0.77	-0.789
ov_tcga_pan_can_atlas_2018	TCGA-24-1562-01	-0.022	0.008	0.008	0.008	-0.747	-0.004	-0.747
ov_tcga_pan_can_atlas_2018	TCGA-24-1560-01	0.407	0.007	0.017	0.017	-0.488	-0.504	-0.488
ov_tcga_pan_can_atlas_2018	TCGA-24-1558-01	-0.122	-0.026	0.523	0.542	-0.667	-1.29	0.418
ov_tcga_pan_can_atlas_2018	TCGA-24-1557-01	0.181	-0.61	0.564	2.01	-0.584	-0.058	-0.584
ov_tcga_pan_can_atlas_2018	TCGA-24-1556-01	0.924	-0.621	0.48	-0.042	-0.1	-0.029	0.055
ov_tcga_pan_can_atlas_2018	TCGA-24-1555-01	-0.007	0.003	-0.019	-0.035	-0.758	-0.848	-0.881
ov_tcga_pan_can_atlas_2018	TCGA-24-1553-01	0.546	0.557	0.539	0.553	-0.626	-0.06	-0.017
ov_tcga_pan_can_atlas_2018	TCGA-24-1552-01	0.542	-0.524	0.602	0.056	-0.548	-0.567	-0.557
ov_tcga_pan_can_atlas_2018	TCGA-24-1551-01	-0.035	-0.748	0.632	-0.013	-0.726	-0.754	0.002
ov_tcga_pan_can_atlas_2018	TCGA-24-1550-01	-0.005	0.044	0.649	1.31	-0.658	-0.703	-0.674
ov_tcga_pan_can_atlas_2018	TCGA-24-1549-01	-0.009	-0.727	-0.049	-0.814	-0.771	-0.807	-0.823
ov_tcga_pan_can_atlas_2018	TCGA-24-1548-01	0.079	0.638	1.73	0.632	-0.596	-1.17	-0.596
ov_tcga_pan_can_atlas_2018	TCGA-24-1546-01	0.012	0.005	0.016	0.569	-0.385	-0.459	-0.012
ov_tcga_pan_can_atlas_2018	TCGA-24-1545-01	0	0.06	0.378	0.378	-0.358	-0.378	-0.377
ov_tcga_pan_can_atlas_2018	TCGA-24-1544-01	0.511	0.072	1.14	1.2	-0.519	-0.597	-0.528
ov_tcga_pan_can_atlas_2018	TCGA-24-1474-01	0.387	-0.209	1.23	1.23	-0.049	-0.574	1.54
ov_tcga_pan_can_atlas_2018	TCGA-24-1471-01	0.196	-0.36	-0.311	-0.311	-0.285	0.198	-0.259
ov_tcga_pan_can_atlas_2018	TCGA-24-1470-01	0	-0.016	-0.019	-0.01	-0.753	-0.794	-0.007
ov_tcga_pan_can_atlas_2018	TCGA-24-1469-01	0.304	-0.061	0.644	1	-0.144	-0.576	-0.405
ov_tcga_pan_can_atlas_2018	TCGA-24-1467-01	0.318	-0.404	-0.021	-0.021	-0.83	0.371	0.106
ov_tcga_pan_can_atlas_2018	TCGA-24-1466-01	-0.015	-0.492	0.569	0.325	-0.563	0.79	-0.595
ov_tcga_pan_can_atlas_2018	TCGA-24-1464-01	0.051	-0.093	0.428	0.428	0.111	-0.769	-0.708
ov_tcga_pan_can_atlas_2018	TCGA-24-1463-01	0.011	-0.722	0.106	0.821	-0.638	-0.037	-0.671
ov_tcga_pan_can_atlas_2018	TCGA-24-1436-01	-0.194	-0.126	0.771	0.771	-0.15	0.061	-0.171
ov_tcga_pan_can_atlas_2018	TCGA-24-1435-01	-0.098	-0.385	0.027	0.037	-0.759	-0.795	-0.763
ov_tcga_pan_can_atlas_2018	TCGA-24-1434-01	0.612	-0.26	1.78	0.784	-0.231	-0.375	-0.245
ov_tcga_pan_can_atlas_2018	TCGA-24-1431-01	-0.025	-0.558	0.537	0.577	-1.21	0	-0.578
ov_tcga_pan_can_atlas_2018	TCGA-24-1430-01	0	0.177	-0.015	0.017	-0.825	-0.214	-0.825
ov_tcga_pan_can_atlas_2018	TCGA-24-1428-01	0.398	-0.493	0.5	0.555	-0.448	-0.518	0.249
ov_tcga_pan_can_atlas_2018	TCGA-24-1427-01	0.026	0.548	0.433	0.881	-0.325	0.028	-0.325
ov_tcga_pan_can_atlas_2018	TCGA-24-1426-01	0.006	0.014	0.654	0.654	-0.816	-0.834	-0.857
ov_tcga_pan_can_atlas_2018	TCGA-24-1425-01	-0.071	-0.533	0.077	0.077	-0.514	0.607	-0.514
ov_tcga_pan_can_atlas_2018	TCGA-24-1424-01	0.55	0.058	0.953	0.973	-0.766	-0.8	-0.415
ov_tcga_pan_can_atlas_2018	TCGA-24-1423-01	0.721	-0.201	0.658	0.658	-0.787	-0.031	-0.855
ov_tcga_pan_can_atlas_2018	TCGA-24-1422-01	0.302	0.383	0.436	0.343	-0.29	0.435	-0.399
ov_tcga_pan_can_atlas_2018	TCGA-24-1419-01	-0.008	0.799	0.037	0.037	-0.921	-0.935	0.009
ov_tcga_pan_can_atlas_2018	TCGA-24-1418-01	0.152	-0.211	0.537	0.537	-0.096	0.411	-0.576
ov_tcga_pan_can_atlas_2018	TCGA-24-1417-01	-0.007	-0.108	0.538	-0.518	-0.018	-0.473	-0.476
ov_tcga_pan_can_atlas_2018	TCGA-24-1416-01	-0.024	-0.46	0.002	0.002	-0.863	-0.008	-0.877
ov_tcga_pan_can_atlas_2018	TCGA-24-1413-01	-0.264	0.071	0.121	0.121	-1.03	-1.05	-1.03
ov_tcga_pan_can_atlas_2018	TCGA-24-1105-01	0.016	0.093	0.152	0.152	-0.285	-0.749	0.102
ov_tcga_pan_can_atlas_2018	TCGA-24-1104-01	-0.03	-0.648	-0.007	0.633	-0.669	0.011	-0.669
ov_tcga_pan_can_atlas_2018	TCGA-24-1103-01	0.009	0.02	-0.038	0.787	-0.06	-0.894	-0.931
ov_tcga_pan_can_atlas_2018	TCGA-23-2649-01	NA	NA	NA	NA	NA	NA	NA
ov_tcga_pan_can_atlas_2018	TCGA-23-2647-01	NA	NA	NA	NA	NA	NA	NA
ov_tcga_pan_can_atlas_2018	TCGA-23-2645-01	-0.002	0.036	0.594	0.602	-0.391	-0.483	-0.454
ov_tcga_pan_can_atlas_2018	TCGA-23-2643-01	0.083	2.48	0.678	0.678	-0.496	-0.488	-0.496
ov_tcga_pan_can_atlas_2018	TCGA-23-2641-01	0	-0.753	0.091	0.091	-0.827	-0.833	-0.835
ov_tcga_pan_can_atlas_2018	TCGA-23-2084-01	0.539	0.501	0.412	0.412	-0.525	-0.586	-0.584
ov_tcga_pan_can_atlas_2018	TCGA-23-2081-01	-0.063	-0.023	0.012	0.851	-0.572	-0.897	-0.879
ov_tcga_pan_can_atlas_2018	TCGA-23-2079-01	-0.037	-0.792	0.663	0.663	0	-0.034	0.029
ov_tcga_pan_can_atlas_2018	TCGA-23-2078-01	0.46	0.637	0.044	0.069	-0.56	-0.042	-0.56
ov_tcga_pan_can_atlas_2018	TCGA-23-2077-01	0.195	-0.305	0.2	0.221	-0.141	-0.362	0.266
ov_tcga_pan_can_atlas_2018	TCGA-23-2072-01	0.242	-0.228	0.307	-0.379	-0.974	0.872	-0.303
ov_tcga_pan_can_atlas_2018	TCGA-23-1809-01	-0.025	-0.639	1.14	1.13	-0.663	-0.102	-0.085
ov_tcga_pan_can_atlas_2018	TCGA-23-1124-01	-0.049	-0.524	1.61	-0.02	-0.591	-0.42	-0.582
ov_tcga_pan_can_atlas_2018	TCGA-23-1123-01	0.016	-0.549	0.976	1.28	-0.551	-0.607	-0.551
ov_tcga_pan_can_atlas_2018	TCGA-23-1122-01	0.212	0.206	0.284	0.403	1.31	-0.442	-0.249
ov_tcga_pan_can_atlas_2018	TCGA-23-1121-01	0.976	0.264	0.743	0.882	-0.066	0.501	-0.983
ov_tcga_pan_can_atlas_2018	TCGA-23-1120-01	0.011	0.048	0.05	0.055	0.133	-0.862	-0.815
ov_tcga_pan_can_atlas_2018	TCGA-23-1119-01	0.227	-0.364	0.654	0.161	-0.432	-0.55	-0.101
ov_tcga_pan_can_atlas_2018	TCGA-23-1118-01	0.062	-0.034	0.148	-0.7	-0.65	0.875	-0.609
ov_tcga_pan_can_atlas_2018	TCGA-23-1117-01	-0.008	0.329	0.52	2.68	-0.003	0.85	-0.531
ov_tcga_pan_can_atlas_2018	TCGA-23-1116-01	0.316	-0.01	0.031	0.406	-0.268	-0.118	-0.283
ov_tcga_pan_can_atlas_2018	TCGA-23-1114-01	0.366	-0.504	1.04	0.949	-0.526	-1.12	0.563
ov_tcga_pan_can_atlas_2018	TCGA-23-1113-01	-0.02	0.019	0.016	0.012	-0.911	0.007	-0.909
ov_tcga_pan_can_atlas_2018	TCGA-23-1111-01	-0.065	-0.511	1.95	2.02	-0.49	-0.048	-0.477
ov_tcga_pan_can_atlas_2018	TCGA-23-1110-01	0.011	-0.687	1.39	2.2	-0.664	-0.678	-0.664
ov_tcga_pan_can_atlas_2018	TCGA-23-1109-01	0.032	-0.054	3.66	0.578	-0.504	0.472	-0.558
ov_tcga_pan_can_atlas_2018	TCGA-23-1032-01	0.125	0.075	0.396	0.408	-0.696	-0.687	-0.028
ov_tcga_pan_can_atlas_2018	TCGA-23-1031-01	0.03	0.098	0.295	0.295	-0.311	-0.343	0.056
ov_tcga_pan_can_atlas_2018	TCGA-23-1030-01	0.003	-0.01	0.602	0.001	-1.17	0.072	-0.561
ov_tcga_pan_can_atlas_2018	TCGA-23-1029-01	0.677	0.018	-0.004	-0.004	-0.784	-0.864	-0.821
ov_tcga_pan_can_atlas_2018	TCGA-23-1028-01	0.072	-0.051	0.041	-0.167	-1.29	-0.12	-0.008
ov_tcga_pan_can_atlas_2018	TCGA-23-1027-01	-0.011	-0.797	-0.009	-0.036	-0.042	-0.795	-0.819
ov_tcga_pan_can_atlas_2018	TCGA-23-1026-01	-0.01	-0.084	0.013	0.056	-0.667	-0.024	-0.734
ov_tcga_pan_can_atlas_2018	TCGA-23-1024-01	0.83	-0.047	-0.109	2.05	-0.585	-0.566	-0.623
ov_tcga_pan_can_atlas_2018	TCGA-23-1023-01	0.008	0.632	-0.004	-0.017	1.03	-0.641	-0.62
ov_tcga_pan_can_atlas_2018	TCGA-23-1022-01	-0.575	1.11	0.959	0.879	-0.035	-0.031	-0.094
ov_tcga_pan_can_atlas_2018	TCGA-23-1021-01	0.57	-0.412	0.614	0.624	-0.614	-0.619	-0.614
ov_tcga_pan_can_atlas_2018	TCGA-20-1687-01	0.261	2.11	0.033	0.493	-0.761	0.041	-0.803
ov_tcga_pan_can_atlas_2018	TCGA-20-1686-01	0.471	-0.141	0.184	0.924	-0.602	-0.069	-0.685
ov_tcga_pan_can_atlas_2018	TCGA-20-1685-01	0.039	0.299	0.346	0.237	-0.558	-0.595	-0.558
ov_tcga_pan_can_atlas_2018	TCGA-20-1684-01	0.02	0.164	1.15	0.825	-0.568	-0.61	0.016
ov_tcga_pan_can_atlas_2018	TCGA-20-1683-01	0.02	0.049	0.185	0.734	0.016	-0.026	0.609
ov_tcga_pan_can_atlas_2018	TCGA-20-1682-01	-0.753	0.165	1.11	0.181	-0.708	-0.762	-0.714
ov_tcga_pan_can_atlas_2018	TCGA-13-A5FU-01	0.336	0.039	0.631	0.704	-0.214	-0.385	-0.283
ov_tcga_pan_can_atlas_2018	TCGA-13-A5FT-01	-0.012	0.017	1.39	0.009	-0.041	-0.827	-0.832
ov_tcga_pan_can_atlas_2018	TCGA-13-2071-01	0.007	-0.004	-0.005	-0.005	-0.415	-0.573	-0.618
ov_tcga_pan_can_atlas_2018	TCGA-13-2066-01	NA	NA	NA	NA	NA	NA	NA
ov_tcga_pan_can_atlas_2018	TCGA-13-2065-01	0	-0.195	0.294	0.287	-0.562	-0.581	-0.542
ov_tcga_pan_can_atlas_2018	TCGA-13-2061-01	0	0.431	0.332	0.572	-0.405	-0.448	-0.511
ov_tcga_pan_can_atlas_2018	TCGA-13-2060-01	0.406	-0.021	1.01	0.475	-0.52	-0.555	0.474
ov_tcga_pan_can_atlas_2018	TCGA-13-2059-01	0.734	-0.835	0.483	-0.528	-0.505	-0.493	-0.054
ov_tcga_pan_can_atlas_2018	TCGA-13-2057-01	0.98	-0.187	0.95	1.31	0.279	-0.893	0.632
ov_tcga_pan_can_atlas_2018	TCGA-13-1819-01	-0.047	0.159	0.008	0.572	-0.792	-0.04	-0.014
ov_tcga_pan_can_atlas_2018	TCGA-13-1817-01	0.272	0.321	0.302	0.302	-0.434	-0.459	-0.43
ov_tcga_pan_can_atlas_2018	TCGA-13-1512-01	-0.746	-0.741	0	0.005	-0.724	-0.024	-0.746
ov_tcga_pan_can_atlas_2018	TCGA-13-1511-01	-0.027	0.006	0.774	0.003	-0.851	-0.898	0.773
ov_tcga_pan_can_atlas_2018	TCGA-13-1510-01	-0.01	0.701	0.02	0.02	-0.578	-0.847	-0.797
ov_tcga_pan_can_atlas_2018	TCGA-13-1509-01	0.588	0.103	0.075	0.781	0.027	0.029	-0.719
ov_tcga_pan_can_atlas_2018	TCGA-13-1507-01	-0.109	-0.486	0.517	0.541	-0.39	0	0.093
ov_tcga_pan_can_atlas_2018	TCGA-13-1506-01	0.526	0.046	0.792	0.879	-0.586	0.273	-0.022
ov_tcga_pan_can_atlas_2018	TCGA-13-1505-01	0.392	0	0.41	0.41	-0.536	-0.742	0.007
ov_tcga_pan_can_atlas_2018	TCGA-13-1504-01	0.271	0.303	0.516	0.516	-0.587	-0.073	-0.184
ov_tcga_pan_can_atlas_2018	TCGA-13-1501-01	-0.308	0.109	0.152	0.455	-0.549	0.051	-0.557
ov_tcga_pan_can_atlas_2018	TCGA-13-1500-01	0	0.062	0.004	0.563	-0.674	-0.368	-0.674
ov_tcga_pan_can_atlas_2018	TCGA-13-1499-01	0.078	0.329	0.375	0.375	-0.252	-0.262	-0.252
ov_tcga_pan_can_atlas_2018	TCGA-13-1498-01	0.005	0.028	0.037	0.843	-0.839	0.021	-0.839
ov_tcga_pan_can_atlas_2018	TCGA-13-1497-01	0.12	-0.015	0.084	0.088	-1.01	0.933	-0.568
ov_tcga_pan_can_atlas_2018	TCGA-13-1496-01	0.412	0.676	0.013	-0.029	-0.51	-0.056	-0.51
ov_tcga_pan_can_atlas_2018	TCGA-13-1495-01	0.083	-0.318	-0.293	-0.305	-0.772	-0.835	-0.27
ov_tcga_pan_can_atlas_2018	TCGA-13-1494-01	0.049	0.005	0.047	0.026	-0.534	-0.593	-0.571
ov_tcga_pan_can_atlas_2018	TCGA-13-1492-01	-0.006	-0.918	0.746	0.746	-0.921	-0.889	-0.965
ov_tcga_pan_can_atlas_2018	TCGA-13-1491-01	0.002	0.081	0.053	0.073	-0.773	0	-0.773
ov_tcga_pan_can_atlas_2018	TCGA-13-1489-01	0.055	0.626	0.175	0.135	-0.775	-0.832	0.194
ov_tcga_pan_can_atlas_2018	TCGA-13-1488-01	0.013	-0.449	0.92	-0.219	0.14	-0.261	-0.132
ov_tcga_pan_can_atlas_2018	TCGA-13-1487-01	0.028	0.069	0.452	0.318	-1.1	-0.541	0.056
ov_tcga_pan_can_atlas_2018	TCGA-13-1485-01	0	-0.007	0.693	0.693	0	-0.018	0
ov_tcga_pan_can_atlas_2018	TCGA-13-1484-01	-0.159	0.47	0.83	0.844	-0.267	0.11	-0.267
ov_tcga_pan_can_atlas_2018	TCGA-13-1483-01	-0.063	-0.187	0.052	-0.513	-0.579	-0.487	-0.579
ov_tcga_pan_can_atlas_2018	TCGA-13-1482-01	-0.003	0.023	0.091	0.115	-0.762	-0.829	-0.762
ov_tcga_pan_can_atlas_2018	TCGA-13-1481-01	0.097	0.129	0.44	1.03	-0.126	-0.383	-0.495
ov_tcga_pan_can_atlas_2018	TCGA-13-1477-01	0.001	0.758	0.012	0.012	0.022	-0.005	-0.861
ov_tcga_pan_can_atlas_2018	TCGA-13-1412-01	-0.146	0.035	-0.007	1	-0.024	0.632	0.071
ov_tcga_pan_can_atlas_2018	TCGA-13-1411-01	0.034	0.071	0.076	0.017	-0.317	0.065	-0.317
ov_tcga_pan_can_atlas_2018	TCGA-13-1410-01	-0.034	1.61	3.13	3.04	-0.13	-0.084	-0.177
ov_tcga_pan_can_atlas_2018	TCGA-13-1409-01	0.541	0.019	0.777	0.777	-1.08	-0.32	-1.08
ov_tcga_pan_can_atlas_2018	TCGA-13-1408-01	0.345	0.058	0.461	0.466	-0.352	-0.427	-1.06
ov_tcga_pan_can_atlas_2018	TCGA-13-1407-01	0.51	0.511	1.47	1.47	-0.839	0.516	-0.897
ov_tcga_pan_can_atlas_2018	TCGA-13-1405-01	0.024	-0.744	0.077	0.069	-0.69	-0.084	-0.727
ov_tcga_pan_can_atlas_2018	TCGA-13-1404-01	-0.004	0.045	0.069	0.033	-0.949	-1.01	-0.962
ov_tcga_pan_can_atlas_2018	TCGA-13-1403-01	1.05	0.059	1.23	1.16	-0.932	-1.02	-0.977
ov_tcga_pan_can_atlas_2018	TCGA-09-2055-01	-0.018	0.565	-0.059	1.22	-0.778	-0.792	-0.789
ov_tcga_pan_can_atlas_2018	TCGA-09-2054-01	1.26	0.022	0.114	0.722	-1.24	-0.631	-0.685
ov_tcga_pan_can_atlas_2018	TCGA-09-2053-01	0.032	-0.295	0.976	0.974	-0.729	-0.011	-0.734
ov_tcga_pan_can_atlas_2018	TCGA-09-2051-01	0.138	0.08	0.681	1.38	-0.507	-0.501	0.285
ov_tcga_pan_can_atlas_2018	TCGA-09-2050-01	0.846	-0.892	0.06	0.124	-0.877	-0.924	-0.889
ov_tcga_pan_can_atlas_2018	TCGA-09-2049-01	0.055	1.05	0.047	0.678	-0.527	0.442	-0.527
ov_tcga_pan_can_atlas_2018	TCGA-09-2045-01	NA	NA	NA	NA	NA	NA	NA
ov_tcga_pan_can_atlas_2018	TCGA-09-2044-01	0.02	-0.82	0.862	-0.057	0.04	-0.031	-0.818
ov_tcga_pan_can_atlas_2018	TCGA-09-2043-01	0.701	-0.067	0.842	-0.051	-0.03	-0.025	-0.03
ov_tcga_pan_can_atlas_2018	TCGA-09-1675-01	-0.041	0.001	0.058	0.043	-0.912	-0.004	-0.926
ov_tcga_pan_can_atlas_2018	TCGA-09-1674-01	1.23	0.675	0.979	1.93	-0.072	-0.737	-0.076
ov_tcga_pan_can_atlas_2018	TCGA-09-1673-01	0.491	-0.939	0.08	0.104	-0.882	-0.45	0.178
ov_tcga_pan_can_atlas_2018	TCGA-09-1672-01	0.39	0.516	0.001	0.001	-0.509	-0.107	-0.509
ov_tcga_pan_can_atlas_2018	TCGA-09-1670-01	0.222	0.427	0.366	0.366	-0.645	-0.665	0.408
ov_tcga_pan_can_atlas_2018	TCGA-09-1669-01	0.024	0.023	0.074	0.562	-0.816	-0.006	-0.828
ov_tcga_pan_can_atlas_2018	TCGA-09-1668-01	0	0.348	0.337	0.844	-0.575	-0.62	-0.575
ov_tcga_pan_can_atlas_2018	TCGA-09-1667-01	0.043	-0.284	-0.231	-0.008	-0.386	-0.308	-0.727
ov_tcga_pan_can_atlas_2018	TCGA-09-1666-01	-0.024	0.014	0	-0.003	-0.889	0	-0.913
ov_tcga_pan_can_atlas_2018	TCGA-09-1665-01	0.648	0.027	1.47	1.92	0.001	-0.101	-0.018
ov_tcga_pan_can_atlas_2018	TCGA-09-1664-01	-0.023	0	0.01	0.01	-0.844	-0.011	0.142
ov_tcga_pan_can_atlas_2018	TCGA-09-1662-01	0.707	0.011	-0.017	0.694	-0.799	0.787	-0.815
ov_tcga_pan_can_atlas_2018	TCGA-09-1661-01	0.674	0.18	1.09	2.02	0	-0.555	0
ov_tcga_pan_can_atlas_2018	TCGA-09-1659-01	0.148	0.164	0.477	0.487	-0.336	-0.317	-0.55
ov_tcga_pan_can_atlas_2018	TCGA-04-1655-01	0.894	0.335	0.879	0.879	-0.59	-0.691	-0.549
ov_tcga_pan_can_atlas_2018	TCGA-04-1654-01	-0.014	-0.852	0.02	0.041	-0.755	-0.057	0.165
ov_tcga_pan_can_atlas_2018	TCGA-04-1652-01	0.001	0.512	0.81	0.81	-0.556	-0.512	-0.556
ov_tcga_pan_can_atlas_2018	TCGA-04-1651-01	0.052	-0.009	-0.028	0.136	-0.836	-0.855	-0.836
ov_tcga_pan_can_atlas_2018	TCGA-04-1649-01	-0.031	-0.495	0.491	0.486	-0.513	-0.522	-0.508
ov_tcga_pan_can_atlas_2018	TCGA-04-1648-01	0.003	-0.815	0.034	0.199	-0.719	-1.07	-1.29
ov_tcga_pan_can_atlas_2018	TCGA-04-1646-01	0.421	0.397	1.53	1.5	-0.742	-0.718	-0.749
ov_tcga_pan_can_atlas_2018	TCGA-04-1644-01	0.013	-0.694	0.061	0.062	-0.786	-0.017	-0.816
ov_tcga_pan_can_atlas_2018	TCGA-04-1638-01	-0.016	0.065	0.092	0.092	-0.894	-0.974	-0.894
ov_tcga_pan_can_atlas_2018	TCGA-04-1542-01	-0.015	0.519	0.872	-0.055	-0.556	-0.556	-0.556
ov_tcga_pan_can_atlas_2018	TCGA-04-1536-01	-0.121	0.197	-0.005	1.47	-0.535	-0.465	-0.535
ov_tcga_pan_can_atlas_2018	TCGA-04-1530-01	0.069	-0.328	0.534	0.326	0.268	-0.331	-0.33
ov_tcga_pan_can_atlas_2018	TCGA-04-1525-01	0.193	-0.141	0.791	0.371	-0.005	-0.641	-0.214
ov_tcga_pan_can_atlas_2018	TCGA-04-1519-01	0.022	0.043	0.158	0.06	-0.913	0.025	-0.919
ov_tcga_pan_can_atlas_2018	TCGA-04-1517-01	-0.584	0.25	1.16	1.16	-0.821	-0.007	-0.855
ov_tcga_pan_can_atlas_2018	TCGA-04-1516-01	-0.054	-0.016	-0.078	0.544	-0.073	0.01	-0.079
ov_tcga_pan_can_atlas_2018	TCGA-04-1514-01	-0.106	0.036	0.543	0.543	-0.585	-0.575	-0.602
ov_tcga_pan_can_atlas_2018	TCGA-04-1371-01	0.681	0.061	1.17	1.25	-0.612	0.502	-0.625
ov_tcga_pan_can_atlas_2018	TCGA-04-1369-01	NA	NA	NA	NA	NA	NA	NA
ov_tcga_pan_can_atlas_2018	TCGA-04-1367-01	-0.01	1.24	0.021	0.018	-0.987	-1.03	-0.987
ov_tcga_pan_can_atlas_2018	TCGA-04-1365-01	0	-0.052	0.088	0.087	-0.849	0.936	-0.886
ov_tcga_pan_can_atlas_2018	TCGA-04-1364-01	0.844	-0.251	3.66	3.66	-0.375	-0.048	-0.8
ov_tcga_pan_can_atlas_2018	TCGA-04-1362-01	-0.582	0.083	-0.034	0.749	0.127	-0.007	-0.581
ov_tcga_pan_can_atlas_2018	TCGA-04-1361-01	1.33	0.023	-0.056	-0.056	-0.726	-0.769	0.033
ov_tcga_pan_can_atlas_2018	TCGA-04-1360-01	-0.219	0.613	0.901	0.901	-0.585	-0.434	-0.585
ov_tcga_pan_can_atlas_2018	TCGA-04-1357-01	-0.071	-0.06	0.232	0.232	0.008	-0.478	-0.46
ov_tcga_pan_can_atlas_2018	TCGA-04-1356-01	0.471	-0.613	0.668	0.555	-0.569	-0.052	-0.099
ov_tcga_pan_can_atlas_2018	TCGA-04-1353-01	-0.034	-0.013	0.87	0.268	-0.809	-0.906	-0.863
ov_tcga_pan_can_atlas_2018	TCGA-04-1351-01	0.012	0.53	1.6	1.84	-0.464	2.07	-0.464
ov_tcga_pan_can_atlas_2018	TCGA-04-1350-01	0.681	0.806	0.816	0.766	-0.691	-0.05	-0.646
ov_tcga_pan_can_atlas_2018	TCGA-04-1349-01	0.502	0.679	0.643	0.643	-0.615	-0.483	-0.611
ov_tcga_pan_can_atlas_2018	TCGA-04-1348-01	-0.058	0.027	1.05	2.1	-0.915	-0.029	-0.939
ov_tcga_pan_can_atlas_2018	TCGA-04-1347-01	0.671	0.074	1.54	1.63	-0.221	-0.94	-0.127
ov_tcga_pan_can_atlas_2018	TCGA-04-1346-01	0.021	-0.073	0.424	0.424	0.035	-0.028	-0.053
ov_tcga_pan_can_atlas_2018	TCGA-04-1343-01	-0.155	-0.429	1.19	2.39	-0.453	-0.466	0.519
ov_tcga_pan_can_atlas_2018	TCGA-04-1342-01	-0.191	-0.335	0.681	0.713	-0.023	-0.413	-0.023
ov_tcga_pan_can_atlas_2018	TCGA-04-1341-01	0.029	0	0.597	0.636	0.124	-0.489	0.084
ov_tcga_pan_can_atlas_2018	TCGA-04-1338-01	0.058	-0.435	0.633	0.992	-0.426	0.517	-0.419
ov_tcga_pan_can_atlas_2018	TCGA-04-1337-01	-0.004	0.037	3.32	1.83	-0.406	0.347	-0.406
ov_tcga_pan_can_atlas_2018	TCGA-04-1336-01	0.629	-0.864	0.961	-0.864	-0.843	-0.884	-0.864
ov_tcga_pan_can_atlas_2018	TCGA-04-1335-01	-0.001	-0.004	0.022	0.01	-0.797	-0.817	-0.803
ov_tcga_pan_can_atlas_2018	TCGA-04-1332-01	-0.015	-0.1	0.06	0.462	-0.749	-0.298	0.024
ov_tcga_pan_can_atlas_2018	TCGA-04-1331-01	-0.03	0.358	0.242	0.242	-0.277	-0.767	-0.722
ov_tcga_pan_can_atlas_2018	TCGA-13-0723-01	-0.496	-0.443	0.59	0.981	-0.445	-0.023	-0.466
ov_tcga_pan_can_atlas_2018	TCGA-10-0935-01	0.55	0.542	2.15	2.15	0.002	1.15	-0.036
ov_tcga_pan_can_atlas_2018	TCGA-72-4232-01	-0.006	0.967	0.005	0.005	-1.02	-1.01	-0.005
ov_tcga_pan_can_atlas_2018	TCGA-13-0761-01	0.006	-0.048	0.093	0.091	-0.698	-0.739	-0.712
ov_tcga_pan_can_atlas_2018	TCGA-13-0891-01	-0.914	-0.475	0.528	0.057	-0.944	-0.959	0.088
ov_tcga_pan_can_atlas_2018	TCGA-13-0757-01	0.803	0.259	0.787	0.78	-0.079	0.148	-0.532
ov_tcga_pan_can_atlas_2018	TCGA-13-0911-01	0.042	-0.454	0.797	0.797	-0.374	-0.051	-0.421
ov_tcga_pan_can_atlas_2018	TCGA-13-0905-01	-0.001	1.12	-0.024	1.1	-0.968	0.062	-1
ov_tcga_pan_can_atlas_2018	TCGA-10-0928-01	-0.801	-0.572	0.032	0.15	-0.911	-0.895	0.075
ov_tcga_pan_can_atlas_2018	TCGA-72-4233-01	0.058	-0.208	0.553	0.553	-0.163	0.382	-0.626
ov_tcga_pan_can_atlas_2018	TCGA-13-0765-01	NA	NA	NA	NA	NA	NA	NA
ov_tcga_pan_can_atlas_2018	TCGA-13-0800-01	1.71	-0.538	0.417	0.443	0.334	-0.326	0.171
ov_tcga_pan_can_atlas_2018	TCGA-24-0966-01	0	-0.004	0.103	0.163	-0.863	-1.01	-0.918
ov_tcga_pan_can_atlas_2018	TCGA-10-0930-01	0.688	0.27	0.691	-0.056	-0.31	0.298	-0.459
ov_tcga_pan_can_atlas_2018	TCGA-20-0996-01	-0.002	-0.042	-0.074	-0.074	-0.07	0.04	-0.013
ov_tcga_pan_can_atlas_2018	TCGA-09-0369-01	0.612	-0.213	1.06	0.388	-0.31	-0.288	-0.31
ov_tcga_pan_can_atlas_2018	TCGA-72-4237-01	0.564	0.027	0.072	0.053	-0.635	-0.627	-0.635
ov_tcga_pan_can_atlas_2018	TCGA-13-0799-01	0.012	-0.89	-0.021	-0.021	-0.845	-0.893	-0.845
ov_tcga_pan_can_atlas_2018	TCGA-72-4231-01	0.414	0.589	0.486	0.357	-0.339	0.465	-0.406
ov_tcga_pan_can_atlas_2018	TCGA-13-0921-01	-0.008	-0.586	-0.534	0.098	-0.515	0.664	-0.549
ov_tcga_pan_can_atlas_2018	TCGA-13-0755-01	-0.014	0.034	0.038	-0.791	0.041	-0.799	-0.767
ov_tcga_pan_can_atlas_2018	TCGA-13-0887-01	-0.756	-0.239	0.243	0.965	-0.712	0.06	-0.801
ov_tcga_pan_can_atlas_2018	TCGA-13-0797-01	-0.044	-0.021	-0.028	-0.084	-0.816	-0.838	-0.843
ov_tcga_pan_can_atlas_2018	TCGA-13-0760-01	-0.343	-0.319	2.11	-0.311	0.226	-0.661	-0.343
ov_tcga_pan_can_atlas_2018	TCGA-13-0883-01	0.195	-0.056	-0.129	-0.163	-0.6	-0.69	-0.164
ov_tcga_pan_can_atlas_2018	TCGA-13-0758-01	-0.338	-0.732	0.128	0.133	-0.637	0.068	-0.682
ov_tcga_pan_can_atlas_2018	TCGA-13-0724-01	0.626	-0.258	0.651	1.11	-0.292	-0.327	-0.289
ov_tcga_pan_can_atlas_2018	TCGA-72-4240-01	0.882	-0.565	0.634	0.03	-0.614	-0.615	-0.596
ov_tcga_pan_can_atlas_2018	TCGA-13-0904-01	-0.635	-0.58	0.013	-0.07	-0.626	-0.658	-0.627
ov_tcga_pan_can_atlas_2018	TCGA-13-0923-01	0.085	-0.367	1.54	1.53	-0.643	-0.768	-0.643
ov_tcga_pan_can_atlas_2018	TCGA-13-0720-01	-0.002	0.752	-0.134	0.531	-0.798	-0.84	-0.82
ov_tcga_pan_can_atlas_2018	TCGA-09-0364-01	0.507	0.05	-0.109	0.646	-0.567	0.463	-0.567
ov_tcga_pan_can_atlas_2018	TCGA-13-0725-01	0.048	-0.582	0.006	0.741	-0.715	-0.005	-0.747
ov_tcga_pan_can_atlas_2018	TCGA-13-0900-01	-0.883	1.49	0.022	0.019	-0.935	-0.922	-0.964
ov_tcga_pan_can_atlas_2018	TCGA-13-0910-01	-0.001	0.05	0.01	0.018	-0.827	-0.793	-0.817
ov_tcga_pan_can_atlas_2018	TCGA-13-0893-01	-0.05	-0.6	0.796	0.664	-0.51	-0.01	-0.51
ov_tcga_pan_can_atlas_2018	TCGA-10-0938-01	0.21	-0.458	2.06	2.03	-0.47	-0.465	-0.47
ov_tcga_pan_can_atlas_2018	TCGA-13-0897-01	-0.026	-0.771	0.032	0.024	-0.819	-0.851	-0.815
ov_tcga_pan_can_atlas_2018	TCGA-13-0793-01	0.034	0.016	0.071	0.632	-0.666	-0.643	-0.675
ov_tcga_pan_can_atlas_2018	TCGA-20-0990-01	-0.018	0.397	0.571	0.576	-0.6	-0.518	-0.592
ov_tcga_pan_can_atlas_2018	TCGA-09-0366-01	0.168	-0.459	0.1	0.12	-0.478	-0.396	-0.478
ov_tcga_pan_can_atlas_2018	TCGA-13-0764-01	-0.375	-0.367	1.04	-0.404	-0.399	-0.825	-0.034
ov_tcga_pan_can_atlas_2018	TCGA-24-0980-01	0.001	-0.015	-0.009	-0.009	-0.509	-0.727	-0.698
ov_tcga_pan_can_atlas_2018	TCGA-13-0717-01	0	0.025	0.514	0.514	-0.902	-0.401	-0.612
ov_tcga_pan_can_atlas_2018	TCGA-72-4235-01	-0.064	-0.015	0.539	0.556	-0.705	-1.29	0.472
ov_tcga_pan_can_atlas_2018	TCGA-10-0934-01	1.08	0.005	-0.018	-0.042	-0.085	0.02	-0.073
ov_tcga_pan_can_atlas_2018	TCGA-13-0888-01	0.777	-0.098	0.553	0.725	-0.024	-0.165	-0.156
ov_tcga_pan_can_atlas_2018	TCGA-13-0801-01	0.761	-0.803	0.027	-0.043	-0.758	0	-0.818
ov_tcga_pan_can_atlas_2018	TCGA-13-0730-01	0.012	0.598	1.61	1.62	-0.515	-0.107	-0.576
ov_tcga_pan_can_atlas_2018	TCGA-13-0886-01	0.042	0.054	0.496	0.641	-0.56	-0.65	-0.557
ov_tcga_pan_can_atlas_2018	TCGA-13-0901-01	0.643	-0.174	0.752	0.752	-0.653	-0.712	-0.123
ov_tcga_pan_can_atlas_2018	TCGA-13-0916-01	-0.692	0	0.003	0.685	-0.782	0.897	-0.782
ov_tcga_pan_can_atlas_2018	TCGA-13-0807-01	0.019	-0.587	-0.066	0.071	0.151	-0.625	-0.548
ov_tcga_pan_can_atlas_2018	TCGA-20-0991-01	-0.121	0	1.02	0.363	-0.276	-0.581	-0.568
ov_tcga_pan_can_atlas_2018	TCGA-13-0762-01	-0.031	0.136	0.485	0.485	-0.952	0.072	0
ov_tcga_pan_can_atlas_2018	TCGA-13-0908-01	-0.008	0.071	0.088	0.088	-0.674	-0.775	-0.674
ov_tcga_pan_can_atlas_2018	TCGA-24-0975-01	-0.003	0.414	0.422	0.422	0.037	-0.412	-0.391
ov_tcga_pan_can_atlas_2018	TCGA-09-0367-01	-0.1	-0.299	0.352	0.153	-0.436	-0.312	-0.553
ov_tcga_pan_can_atlas_2018	TCGA-24-0970-01	0.629	0.069	0.627	0.067	-0.689	0.791	-0.646
ov_tcga_pan_can_atlas_2018	TCGA-13-0792-01	-0.491	-0.486	-0.018	0.007	0.39	0.082	-0.53
ov_tcga_pan_can_atlas_2018	TCGA-13-0726-01	0.001	-0.014	-0.009	0.007	-0.699	-0.711	-0.714
ov_tcga_pan_can_atlas_2018	TCGA-24-0979-01	-0.02	-0.529	0.233	0.103	-0.521	0.72	-0.471
ov_tcga_pan_can_atlas_2018	TCGA-13-0906-01	-0.02	0.62	-0.023	0.9	-0.029	-0.867	-0.041
ov_tcga_pan_can_atlas_2018	TCGA-72-4241-01	-0.028	-0.421	1.23	1.72	-0.54	-0.615	-0.159
ov_tcga_pan_can_atlas_2018	TCGA-13-0889-01	-0.035	-0.317	0.041	-0.036	-0.853	-0.043	0.008
ov_tcga_pan_can_atlas_2018	TCGA-13-0899-01	0.256	-0.271	0.955	0.423	-0.015	-0.092	-0.015
ov_tcga_pan_can_atlas_2018	TCGA-10-0925-01	-0.012	-0.959	-0.01	1.04	0.026	-0.949	0.026
ov_tcga_pan_can_atlas_2018	TCGA-13-0805-01	-0.018	0.019	0.026	0.75	-0.721	-0.736	-0.719
ov_tcga_pan_can_atlas_2018	TCGA-13-0803-01	0.113	-0.249	0.439	0.476	-0.779	0.084	-0.772
ov_tcga_pan_can_atlas_2018	TCGA-13-0913-01	-0.009	0.095	-0.021	0.96	-0.014	-1.01	0.035
ov_tcga_pan_can_atlas_2018	TCGA-10-0936-01	-0.027	-0.078	1.89	1.89	0.595	-0.653	-0.66
ov_tcga_pan_can_atlas_2018	TCGA-13-0884-01	0.281	-0.434	0.446	0.858	-0.702	-0.179	-0.723
ov_tcga_pan_can_atlas_2018	TCGA-10-0937-01	-0.013	0.859	0.005	0.033	-0.861	-0.74	-0.861
ov_tcga_pan_can_atlas_2018	TCGA-13-0794-01	0.437	-0.46	0.612	0.554	-0.783	-0.879	-0.877
ov_tcga_pan_can_atlas_2018	TCGA-10-0926-01	-0.013	-0.027	0.061	0.077	-0.588	-0.007	-0.588
ov_tcga_pan_can_atlas_2018	TCGA-13-0768-01	0.008	-0.226	-0.009	0.056	-0.103	-0.227	-0.103
ov_tcga_pan_can_atlas_2018	TCGA-10-0933-01	0.857	-0.002	2.72	3.39	-0.02	0.865	-0.975
ov_tcga_pan_can_atlas_2018	TCGA-13-0919-01	0.166	0.287	0.179	-0.205	-0.138	-0.604	-0.552
ov_tcga_pan_can_atlas_2018	TCGA-13-0727-01	0.028	0.508	3.29	3.22	-0.679	0.624	-0.69
ov_tcga_pan_can_atlas_2018	TCGA-72-4234-01	0.409	-0.271	1.23	1.23	-0.097	-0.675	1.37
ov_tcga_pan_can_atlas_2018	TCGA-24-0968-01	0	0.165	0.054	0.34	0.102	-0.136	0.308
ov_tcga_pan_can_atlas_2018	TCGA-13-0714-01	0.004	0.764	0.033	0.047	-0.73	-0.007	-0.727
ov_tcga_pan_can_atlas_2018	TCGA-13-0920-01	0.798	0.059	1.42	0.279	-0.318	0.006	0.424
ov_tcga_pan_can_atlas_2018	TCGA-13-0890-01	0.209	0.212	0.137	0.157	0.2	-0.39	-0.112
ov_tcga_pan_can_atlas_2018	TCGA-10-0927-01	0.487	0	0.007	0.007	-0.536	-0.577	-0.536
ov_tcga_pan_can_atlas_2018	TCGA-13-0894-01	NA	NA	NA	NA	NA	NA	NA
ov_tcga_pan_can_atlas_2018	TCGA-13-0751-01	0.258	-0.339	1.07	1.01	-1.13	-0.382	0.066
ov_tcga_pan_can_atlas_2018	TCGA-13-0802-01	0.548	0.465	0.462	0.462	-0.622	1.74	-0.622
ov_tcga_pan_can_atlas_2018	TCGA-13-0903-01	-0.038	0.038	-0.009	0.028	-0.854	-0.93	-0.854
ov_tcga_pan_can_atlas_2018	TCGA-13-0912-01	-0.028	0.012	0.022	0.008	-1	-0.017	-1
ov_tcga_pan_can_atlas_2018	TCGA-13-0804-01	-0.02	0.015	0.026	-0.665	-0.776	-0.805	-0.776
ov_tcga_pan_can_atlas_2018	TCGA-13-0885-01	-0.253	-0.103	1.32	0.345	-0.614	-0.299	-0.739
ov_tcga_pan_can_atlas_2018	TCGA-09-0365-01	0.563	0.511	-0.038	-0.038	-0.49	0.209	-0.49
ov_tcga_pan_can_atlas_2018	TCGA-72-4236-01	0.024	0.051	0.06	0.023	-0.904	-0.168	-0.904
ov_tcga_pan_can_atlas_2018	TCGA-13-0795-01	0	-0.165	0.765	0.765	-0.202	-0.252	-0.506
ov_tcga_pan_can_atlas_2018	TCGA-10-0931-01	-0.034	-0.904	-0.012	0.036	-0.441	-0.865	-0.065
ov_tcga_pan_can_atlas_2018	TCGA-20-0987-01	-0.013	-0.522	0.422	0.176	-0.244	0.004	-0.379
ov_tcga_pan_can_atlas_2018	TCGA-13-0766-01	0.414	0.005	-0.01	0.484	-0.638	-0.247	-0.652
ov_tcga_pan_can_atlas_2018	TCGA-13-0791-01	0.015	0.058	3.66	0.129	0.02	-0.908	-0.82
ov_tcga_pan_can_atlas_2018	TCGA-24-0982-01	0.107	0.121	1.38	1.38	-0.45	0.049	-0.45
ov_tcga_pan_can_atlas_2018	TCGA-13-0924-01	0.009	-0.432	0.15	0.317	-0.256	-0.637	-0.631
ov_tcga_pan_can_atlas_2018	TCGA-72-4238-01	-0.015	0.009	0.006	0.006	-0.688	0.002	-0.808
ov_tcga_pan_can_atlas_2018	TCGA-WR-A838-01	0.611	-0.135	0.178	0.178	-0.364	-0.136	1.19
ov_tcga_pan_can_atlas_2018	TCGA-VG-A8LO-01	0.048	0.013	0.079	-0.743	-0.822	-0.008	-0.834
ov_tcga_pan_can_atlas_2018	TCGA-OY-A56Q-01	0.592	0.339	0.338	0.338	-0.752	-0.75	-0.75
ov_tcga_pan_can_atlas_2018	TCGA-OY-A56P-01	0.54	-0.73	0.751	0.751	0.028	-0.512	-0.357
ov_tcga_pan_can_atlas_2018	TCGA-61-2614-01	0.58	-0.068	1.49	1.72	-0.063	-0.534	-0.533
ov_tcga_pan_can_atlas_2018	TCGA-61-2613-01	-0.03	0.032	0.743	0.037	-0.677	-0.067	0.482
ov_tcga_pan_can_atlas_2018	TCGA-61-2612-01	0.135	0.14	0.824	0.866	0.144	-0.214	-0.204
ov_tcga_pan_can_atlas_2018	TCGA-61-2611-02	NA	NA	NA	NA	NA	NA	NA
ov_tcga_pan_can_atlas_2018	TCGA-61-2610-02	NA	NA	NA	NA	NA	NA	NA
ov_tcga_pan_can_atlas_2018	TCGA-61-2113-01	0.291	-0.787	0.326	0.326	-0.15	-0.685	-0.253
ov_tcga_pan_can_atlas_2018	TCGA-61-2111-01	0.182	0.394	0.099	1.41	-0.452	-0.244	-0.496
ov_tcga_pan_can_atlas_2018	TCGA-61-2110-01	0.009	0.02	0.015	0.016	-0.805	-0.126	-0.808
ov_tcga_pan_can_atlas_2018	TCGA-61-2109-01	0.009	-0.89	0.054	-0.878	-0.865	-0.02	-0.865
ov_tcga_pan_can_atlas_2018	TCGA-61-2104-01	0.121	-0.566	0.514	0.513	-0.573	-0.545	-0.573
ov_tcga_pan_can_atlas_2018	TCGA-61-2102-01	0.389	-0.286	0.48	0.48	0.049	-0.324	-1.08
ov_tcga_pan_can_atlas_2018	TCGA-61-2101-01	0.473	0.794	1.19	1.01	-0.533	-0.053	-0.551
ov_tcga_pan_can_atlas_2018	TCGA-61-2098-01	0.969	0.539	1.4	0.574	0.553	0.5	-0.493
ov_tcga_pan_can_atlas_2018	TCGA-61-2097-01	0.574	-0.008	0.411	0.39	-0.468	-1.25	0.407
ov_tcga_pan_can_atlas_2018	TCGA-61-2096-01	0.007	0.037	0.055	1.59	-0.82	0.007	-0.82
ov_tcga_pan_can_atlas_2018	TCGA-61-2095-01	0.002	-0.006	0.008	0.008	0.026	-0.005	-0.599
ov_tcga_pan_can_atlas_2018	TCGA-61-2094-01	0.469	-0.557	0.017	0.024	-0.557	-0.588	-0.557
ov_tcga_pan_can_atlas_2018	TCGA-61-2092-01	0.693	-0.24	-0.006	-0.001	-0.027	0	-0.023
ov_tcga_pan_can_atlas_2018	TCGA-61-2088-01	0.556	-0.614	0.781	0.774	-0.519	-0.659	-0.519
ov_tcga_pan_can_atlas_2018	TCGA-61-2087-01	-0.876	-0.942	0.019	0.034	-0.913	0.02	0.027
ov_tcga_pan_can_atlas_2018	TCGA-61-2018-01	-0.019	0.018	-0.723	0.078	-0.715	-0.731	1.48
ov_tcga_pan_can_atlas_2018	TCGA-61-2017-01	0.004	0.02	0.045	0.045	0.095	-0.013	0.095
ov_tcga_pan_can_atlas_2018	TCGA-61-2016-01	0.922	-0.093	0.018	0.018	-0.791	-0.853	-0.791
ov_tcga_pan_can_atlas_2018	TCGA-61-2012-01	0.063	-0.332	0.264	0.569	-0.327	-0.342	3.09
ov_tcga_pan_can_atlas_2018	TCGA-61-2009-01	0.54	-0.025	1.47	1.47	-0.063	0.498	-0.063
ov_tcga_pan_can_atlas_2018	TCGA-61-2008-01	-0.04	-0.206	-0.073	1.07	-0.567	0.65	-0.567
ov_tcga_pan_can_atlas_2018	TCGA-61-2003-01	0.224	0.426	0.697	0.735	-0.401	0.293	-0.437
ov_tcga_pan_can_atlas_2018	TCGA-61-2002-01	0.009	0.688	-0.043	-0.692	0.048	-0.722	-0.717
ov_tcga_pan_can_atlas_2018	TCGA-61-2000-01	-0.055	-0.901	0.084	0.12	0.024	-0.039	-0.88
ov_tcga_pan_can_atlas_2018	TCGA-61-1998-01	0	0.05	0.005	0.005	-0.676	-0.036	-0.565
ov_tcga_pan_can_atlas_2018	TCGA-61-1995-01	0.001	0.064	0.046	0.046	-0.778	-0.81	-0.778
ov_tcga_pan_can_atlas_2018	TCGA-61-1919-01	0.154	0.549	0.114	0.121	-0.154	-0.473	-0.697
ov_tcga_pan_can_atlas_2018	TCGA-61-1918-01	1.14	0.148	0.5	0.5	-0.605	-0.648	-0.676
ov_tcga_pan_can_atlas_2018	TCGA-61-1917-01	-0.012	0.008	0.557	1.19	-0.531	-0.65	-0.587
ov_tcga_pan_can_atlas_2018	TCGA-61-1915-01	0.508	-0.537	0.362	0.362	-0.502	-0.545	-0.502
ov_tcga_pan_can_atlas_2018	TCGA-61-1914-01	0.081	-0.195	0.187	1.49	0.115	-0.651	-0.637
ov_tcga_pan_can_atlas_2018	TCGA-61-1913-01	0.017	-0.852	0.073	-0.798	-0.76	-0.875	-0.823
ov_tcga_pan_can_atlas_2018	TCGA-61-1911-01	-0.014	-0.026	1.88	0.741	-0.044	0.478	-0.059
ov_tcga_pan_can_atlas_2018	TCGA-61-1910-01	-0.118	-0.008	0.005	0.012	-0.957	0.003	0.034
ov_tcga_pan_can_atlas_2018	TCGA-61-1907-01	0.414	-0.533	-0.083	0.426	-0.582	-1.29	-0.582
ov_tcga_pan_can_atlas_2018	TCGA-61-1906-01	0.45	0	1.44	1.45	-0.556	-0.587	-0.596
ov_tcga_pan_can_atlas_2018	TCGA-61-1904-01	0.068	0.135	0.341	0.341	-0.34	-0.136	0.341
ov_tcga_pan_can_atlas_2018	TCGA-61-1903-01	0.024	-0.004	-0.015	-0.015	-0.85	-0.866	-0.85
ov_tcga_pan_can_atlas_2018	TCGA-61-1901-01	0.045	-0.009	0.026	0.732	-0.701	-0.749	-0.673
ov_tcga_pan_can_atlas_2018	TCGA-61-1900-01	0.715	-0.858	0.678	0.633	0.704	0.806	-0.101
ov_tcga_pan_can_atlas_2018	TCGA-61-1899-01	0.242	-0.263	0.41	0.41	-0.58	-0.325	0.001
ov_tcga_pan_can_atlas_2018	TCGA-61-1895-01	0.01	-0.664	0.003	0.662	-0.637	0.006	-0.637
ov_tcga_pan_can_atlas_2018	TCGA-61-1743-01	-0.19	-0.895	0.575	1.07	-0.836	-0.924	-0.896
ov_tcga_pan_can_atlas_2018	TCGA-61-1741-01	0.144	0.257	3.66	0.61	-0.242	-0.182	-0.242
ov_tcga_pan_can_atlas_2018	TCGA-61-1740-01	0.098	-0.699	0.071	0.125	-0.568	0.291	0.31
ov_tcga_pan_can_atlas_2018	TCGA-61-1738-01	-0.02	-0.328	0.093	0.11	-0.701	-0.375	-0.733
ov_tcga_pan_can_atlas_2018	TCGA-61-1737-01	-0.005	-0.702	0.003	0.161	0.645	-0.742	-0.741
ov_tcga_pan_can_atlas_2018	TCGA-61-1736-01	-0.01	0.021	1.03	0.016	-0.76	0.803	-0.797
ov_tcga_pan_can_atlas_2018	TCGA-61-1734-01	0.01	-0.881	-0.331	0.053	-0.824	0.619	-0.863
ov_tcga_pan_can_atlas_2018	TCGA-61-1733-01	0.832	0.211	1.03	1.03	-0.384	-0.415	-0.413
ov_tcga_pan_can_atlas_2018	TCGA-61-1730-01	0.358	0.188	0.224	0.224	-0.252	-0.677	-0.252
ov_tcga_pan_can_atlas_2018	TCGA-61-1728-01	0.312	-0.183	0.653	3.66	-0.684	-0.03	-0.651
ov_tcga_pan_can_atlas_2018	TCGA-61-1727-01	0.02	-0.417	0.418	0.65	-0.426	-0.393	-0.413
ov_tcga_pan_can_atlas_2018	TCGA-61-1725-01	-0.022	0.015	-0.109	0.181	-0.715	-0.801	0.14
ov_tcga_pan_can_atlas_2018	TCGA-61-1724-01	0.003	-0.845	0.027	1.1	-0.835	-0.866	-0.862
ov_tcga_pan_can_atlas_2018	TCGA-61-1722-01	-0.214	0.178	0.929	0.929	-0.094	-0.365	0.405
ov_tcga_pan_can_atlas_2018	TCGA-61-1721-01	0	0.013	-0.01	-0.015	-0.005	0.009	-0.005
ov_tcga_pan_can_atlas_2018	TCGA-5X-AA5U-01	0.557	-0.034	0.985	0.985	-0.038	0.422	-0.041
ov_tcga_pan_can_atlas_2018	TCGA-59-A5PD-01	0.497	0.067	0.714	0.673	-0.409	0.004	-0.441
ov_tcga_pan_can_atlas_2018	TCGA-59-2372-01	0.472	0.116	0.767	1.02	-0.534	-0.626	-0.63
ov_tcga_pan_can_atlas_2018	TCGA-59-2363-01	0.05	0.118	0.072	0.021	0.085	0.03	-0.802
ov_tcga_pan_can_atlas_2018	TCGA-59-2355-01	-0.06	-0.002	0.137	0.137	-0.58	0.106	-0.594
ov_tcga_pan_can_atlas_2018	TCGA-59-2354-01	-0.011	0.009	0.01	0.03	-0.615	-0.453	-0.612
ov_tcga_pan_can_atlas_2018	TCGA-59-2352-01	0.105	0.476	0.461	0.461	-0.33	-0.695	0.043
ov_tcga_pan_can_atlas_2018	TCGA-59-2351-01	-0.033	0.132	0.436	0.436	-0.41	-0.464	-0.436
ov_tcga_pan_can_atlas_2018	TCGA-59-2350-01	-0.013	0.044	0.014	0.014	-0.811	-0.648	-0.811
ov_tcga_pan_can_atlas_2018	TCGA-59-2349-01	-0.002	-0.015	-0.007	-0.007	0.001	0.003	0.001
ov_tcga_pan_can_atlas_2018	TCGA-59-2348-01	0.349	-0.454	0.823	1.79	-0.531	-0.025	-0.543
ov_tcga_pan_can_atlas_2018	TCGA-57-1994-01	-0.202	-0.596	0.479	0.479	-0.084	-0.051	-0.084
ov_tcga_pan_can_atlas_2018	TCGA-57-1993-01	-0.24	-0.024	1.25	1.19	0.021	0.449	-0.965
ov_tcga_pan_can_atlas_2018	TCGA-57-1992-01	0.058	0.108	1.06	0.783	0.048	-0.851	0.11
ov_tcga_pan_can_atlas_2018	TCGA-57-1586-01	0.101	0	-0.029	0.733	-0.909	-0.068	0.845
ov_tcga_pan_can_atlas_2018	TCGA-57-1585-01	0.824	0.109	0.246	0.365	-0.091	0.184	-0.493
ov_tcga_pan_can_atlas_2018	TCGA-57-1584-01	-0.027	-0.018	-0.027	-0.027	-0.789	-0.797	-0.777
ov_tcga_pan_can_atlas_2018	TCGA-57-1583-01	0.562	-0.01	0.615	0.615	-0.641	-0.002	-0.65
ov_tcga_pan_can_atlas_2018	TCGA-57-1582-01	0.081	0.7	1.04	1.04	0.016	0.349	-0.491
ov_tcga_pan_can_atlas_2018	TCGA-42-2593-01	-0.026	-0.001	0.814	0.814	-0.001	-0.018	-1.14
ov_tcga_pan_can_atlas_2018	TCGA-42-2591-01	0.017	0.064	0	0.652	-0.013	-0.798	-0.79
ov_tcga_pan_can_atlas_2018	TCGA-42-2590-01	0	0.019	0.038	0.047	-0.717	-0.001	-0.717
ov_tcga_pan_can_atlas_2018	TCGA-42-2589-01	-0.03	0.055	0.014	0.104	-0.739	-0.052	-0.771
ov_tcga_pan_can_atlas_2018	TCGA-42-2588-01	-0.002	0.586	0.656	0.739	-0.265	0.427	0.005
ov_tcga_pan_can_atlas_2018	TCGA-42-2587-01	-0.109	-0.255	0.209	0.141	-0.093	-0.008	-0.306
ov_tcga_pan_can_atlas_2018	TCGA-42-2582-01	0.035	-0.739	0.045	0.098	-0.721	-0.023	-0.721
ov_tcga_pan_can_atlas_2018	TCGA-3P-A9WA-01	-0.026	-0.922	0.008	0.82	-0.442	-0.883	-0.929
ov_tcga_pan_can_atlas_2018	TCGA-36-2552-01	-0.429	1.34	0.201	0.201	0.118	0.124	0.118
ov_tcga_pan_can_atlas_2018	TCGA-36-2551-01	-0.09	-0.006	0.85	0.66	-0.471	-0.237	-0.091
ov_tcga_pan_can_atlas_2018	TCGA-36-2549-01	-0.024	-0.089	0.024	0.601	-0.783	-0.825	-0.826
ov_tcga_pan_can_atlas_2018	TCGA-36-2548-01	-0.021	0.4	2.46	1.52	-0.528	-0.023	-0.519
ov_tcga_pan_can_atlas_2018	TCGA-36-2547-01	0.264	1.23	0.952	0.825	-0.062	-0.559	-0.09
ov_tcga_pan_can_atlas_2018	TCGA-36-2545-01	0.003	-0.528	0.039	0.037	-0.757	-0.754	-0.757
ov_tcga_pan_can_atlas_2018	TCGA-36-2544-01	-0.027	0.026	0.064	0.069	-0.744	-0.034	-0.76
ov_tcga_pan_can_atlas_2018	TCGA-36-2543-01	0.165	0.11	3.66	-0.04	0.157	-0.052	-0.565
ov_tcga_pan_can_atlas_2018	TCGA-36-2542-01	0.019	-0.673	-0.689	0.42	-0.488	-0.631	0.053
ov_tcga_pan_can_atlas_2018	TCGA-36-2540-01	-0.018	-0.01	0.017	0.017	0.031	-0.478	0.031
ov_tcga_pan_can_atlas_2018	TCGA-36-2538-01	-0.008	-0.65	-0.044	-0.668	-0.665	-0.669	-0.074
ov_tcga_pan_can_atlas_2018	TCGA-36-2537-01	-0.008	0.034	0.039	0.043	-0.671	0.006	-0.683
ov_tcga_pan_can_atlas_2018	TCGA-36-2534-01	-0.007	-0.865	0.826	-0.892	0.057	-0.878	-0.826
ov_tcga_pan_can_atlas_2018	TCGA-36-2533-01	0.276	-0.613	-0.093	1.49	-0.63	-0.645	-0.63
ov_tcga_pan_can_atlas_2018	TCGA-36-2532-01	0.654	-0.789	0.004	0.004	-0.737	-0.012	-0.785
ov_tcga_pan_can_atlas_2018	TCGA-36-2530-01	-0.057	-0.084	0.065	0.09	-0.824	-0.01	0.115
ov_tcga_pan_can_atlas_2018	TCGA-36-2529-01	0	0.397	-0.044	0.438	-0.065	-0.55	-0.563
ov_tcga_pan_can_atlas_2018	TCGA-36-1581-01	-0.216	-0.3	0.453	0.464	0.165	-0.328	0.03
ov_tcga_pan_can_atlas_2018	TCGA-36-1580-01	0.009	0.026	0.102	0.276	-0.396	-0.079	0.343
ov_tcga_pan_can_atlas_2018	TCGA-36-1578-01	-0.123	-0.124	-0.147	1.22	-0.191	-0.876	0.498
ov_tcga_pan_can_atlas_2018	TCGA-36-1577-01	0.011	0.108	0.022	0.025	-0.682	0.621	0.013
ov_tcga_pan_can_atlas_2018	TCGA-36-1576-01	0.133	0.003	0.664	0.664	-0.203	0.376	-0.253
ov_tcga_pan_can_atlas_2018	TCGA-36-1575-01	1.6	0.048	3.66	0.402	-0.604	-0.646	-0.627
ov_tcga_pan_can_atlas_2018	TCGA-36-1574-01	0.024	-0.889	-0.019	-0.019	0.787	-0.899	-0.894
ov_tcga_pan_can_atlas_2018	TCGA-36-1571-01	0.907	0.019	1.25	-0.568	-0.112	-0.58	-0.115
ov_tcga_pan_can_atlas_2018	TCGA-36-1570-01	-0.014	0.96	-0.051	-0.07	-0.971	-0.009	-1
ov_tcga_pan_can_atlas_2018	TCGA-36-1569-01	0.022	0.339	0.741	0.741	0.185	-0.616	0.054
ov_tcga_pan_can_atlas_2018	TCGA-36-1568-01	0.601	0.002	0.027	0.021	-0.436	-0.023	-0.732
ov_tcga_pan_can_atlas_2018	TCGA-31-1959-01	0.549	0.613	0.597	0.574	-1.29	-0.254	-0.277
ov_tcga_pan_can_atlas_2018	TCGA-31-1956-01	0.007	-0.071	0.097	0.04	-0.697	0.022	-0.706
ov_tcga_pan_can_atlas_2018	TCGA-31-1955-01	-0.024	0	0.118	0.122	-0.768	-0.12	-0.768
ov_tcga_pan_can_atlas_2018	TCGA-31-1953-01	0.055	-0.381	1.01	-0.026	-0.793	-0.826	1.02
ov_tcga_pan_can_atlas_2018	TCGA-31-1951-01	0.019	0.02	0.911	0.859	-0.8	0	-0.831
ov_tcga_pan_can_atlas_2018	TCGA-31-1950-01	0.329	0.411	0.402	0.426	-0.34	-0.119	-0.353
ov_tcga_pan_can_atlas_2018	TCGA-31-1946-01	-0.027	0.006	0.006	0.056	-0.456	0.004	-0.731
ov_tcga_pan_can_atlas_2018	TCGA-31-1944-01	0.943	0.057	0.044	2.45	0.088	-0.021	-0.787
ov_tcga_pan_can_atlas_2018	TCGA-30-1892-01	-0.006	0.008	0.573	0.597	-0.463	0.002	-0.503
ov_tcga_pan_can_atlas_2018	TCGA-30-1891-01	0.018	-0.003	-0.007	0.817	-0.775	-0.812	-0.775
ov_tcga_pan_can_atlas_2018	TCGA-30-1887-01	0.038	-0.009	0.088	0.512	-0.358	-0.006	-0.366
ov_tcga_pan_can_atlas_2018	TCGA-30-1880-01	-0.022	0.024	1.74	-0.018	-0.985	0.98	-0.986
ov_tcga_pan_can_atlas_2018	TCGA-30-1867-01	0.432	0.591	0.618	2.04	-0.446	-0.05	-0.446
ov_tcga_pan_can_atlas_2018	TCGA-30-1866-01	-0.01	0.233	0.813	0.193	-0.868	-0.853	-0.407
ov_tcga_pan_can_atlas_2018	TCGA-30-1862-01	0.669	-0.028	0.734	1.53	-0.055	-0.061	0.775
ov_tcga_pan_can_atlas_2018	TCGA-30-1861-01	0.069	-0.476	0.824	1.55	-0.6	-1.06	-0.577
ov_tcga_pan_can_atlas_2018	TCGA-30-1860-01	0.071	-0.804	-0.079	0.077	-0.77	-0.804	-0.774
ov_tcga_pan_can_atlas_2018	TCGA-30-1859-01	0.551	0.062	0.852	0.852	-0.625	0.036	-1.29
ov_tcga_pan_can_atlas_2018	TCGA-30-1857-01	0.008	0.008	0.068	0.019	-0.702	0	-0.693
ov_tcga_pan_can_atlas_2018	TCGA-30-1856-01	-0.02	-0.35	0.421	0.61	-0.419	0.02	-0.447
ov_tcga_pan_can_atlas_2018	TCGA-30-1855-01	0.355	-0.399	0.199	-0.425	-0.384	0.61	-0.389
ov_tcga_pan_can_atlas_2018	TCGA-30-1853-01	0.305	0.287	0.285	1.1	-1.27	0.288	0.593
ov_tcga_pan_can_atlas_2018	TCGA-30-1718-01	-0.171	0.53	0.946	1.44	-0.424	0.848	-0.599
ov_tcga_pan_can_atlas_2018	TCGA-30-1714-01	0.791	0.039	0.654	0.688	-1.23	1	-0.598
ov_tcga_pan_can_atlas_2018	TCGA-29-A5NZ-01	0.54	0.581	0.565	0.562	-0.598	-0.062	-0.018
ov_tcga_pan_can_atlas_2018	TCGA-29-2436-01	-0.011	0.257	0.638	0.625	-0.007	0	-0.001
ov_tcga_pan_can_atlas_2018	TCGA-29-2434-01	0.514	0.048	0.744	0.668	-0.571	0.332	-0.04
ov_tcga_pan_can_atlas_2018	TCGA-29-2432-01	-0.048	0	-0.067	0.719	-0.508	-0.5	-0.508
ov_tcga_pan_can_atlas_2018	TCGA-29-2431-01	0.553	-0.008	1.86	1.53	-0.599	-0.612	0.207
ov_tcga_pan_can_atlas_2018	TCGA-29-2429-01	0.355	-0.128	1.01	1.14	-0.655	-0.036	0.388
ov_tcga_pan_can_atlas_2018	TCGA-29-2428-01	-0.009	0.511	0.521	0.523	-0.453	0.973	-0.545
ov_tcga_pan_can_atlas_2018	TCGA-29-2427-01	-0.008	-0.67	0.074	0.041	-0.633	-0.668	-0.609
ov_tcga_pan_can_atlas_2018	TCGA-29-2425-01	-0.215	0.34	0.777	0.975	-0.61	-0.173	-0.659
ov_tcga_pan_can_atlas_2018	TCGA-29-1785-01	-0.013	0.021	1.13	0.064	-0.815	-0.017	-0.887
ov_tcga_pan_can_atlas_2018	TCGA-29-1784-01	-0.277	-0.125	0.201	1.41	-0.522	-0.439	-0.559
ov_tcga_pan_can_atlas_2018	TCGA-29-1783-01	0.03	0.304	1.1	0.75	-0.515	0.692	-0.515
ov_tcga_pan_can_atlas_2018	TCGA-29-1781-01	0.727	0.029	0.845	-0.063	-0.742	0.01	-0.788
ov_tcga_pan_can_atlas_2018	TCGA-29-1778-01	0.633	-0.004	0.533	0.372	-0.502	0.523	-0.067
ov_tcga_pan_can_atlas_2018	TCGA-29-1777-01	0.006	0.848	0.145	0.035	-0.639	0	-0.678
ov_tcga_pan_can_atlas_2018	TCGA-29-1776-01	-0.026	-0.023	-0.026	0.881	-0.865	-0.863	-0.859
ov_tcga_pan_can_atlas_2018	TCGA-29-1775-01	0.348	-0.462	1.04	-0.072	-0.605	-0.672	-0.635
ov_tcga_pan_can_atlas_2018	TCGA-29-1774-01	0.738	0.04	1.73	1.75	-0.03	-0.09	0.013
ov_tcga_pan_can_atlas_2018	TCGA-29-1771-01	0	0.084	-0.023	-0.023	-0.78	-0.909	-0.494
ov_tcga_pan_can_atlas_2018	TCGA-29-1770-01	-0.311	-0.496	0.484	1.32	-0.374	0.706	-0.374
ov_tcga_pan_can_atlas_2018	TCGA-29-1769-01	0.114	-0.31	0.119	0.119	-0.686	0.064	-0.735
ov_tcga_pan_can_atlas_2018	TCGA-29-1768-01	0.004	-0.093	0.008	0.01	0.01	0.008	-0.594
ov_tcga_pan_can_atlas_2018	TCGA-29-1766-01	0.07	-0.283	0.812	0.889	-0.038	-0.386	-0.038
ov_tcga_pan_can_atlas_2018	TCGA-29-1764-01	0.277	-0.328	-0.175	-0.175	-0.449	-0.597	-0.526
ov_tcga_pan_can_atlas_2018	TCGA-29-1763-01	-0.427	-0.44	0.814	0.776	-0.359	-0.447	0.249
ov_tcga_pan_can_atlas_2018	TCGA-29-1762-01	0.047	0.751	0.025	-0.022	-0.838	-0.865	-0.841
ov_tcga_pan_can_atlas_2018	TCGA-29-1761-01	-0.035	-0.058	1.16	0.704	-0.365	-0.008	-0.482
ov_tcga_pan_can_atlas_2018	TCGA-29-1711-01	-0.041	-0.863	-0.91	3.18	-0.866	-0.902	-0.897
ov_tcga_pan_can_atlas_2018	TCGA-29-1710-01	0	0.117	0.363	0.363	-0.01	0.203	0.002
ov_tcga_pan_can_atlas_2018	TCGA-29-1707-01	0.032	-0.874	0.105	1.73	-0.854	-0.887	-0.869
ov_tcga_pan_can_atlas_2018	TCGA-29-1705-01	0.024	0.03	0.63	0.725	-0.15	0.033	-0.843
ov_tcga_pan_can_atlas_2018	TCGA-29-1704-01	-0.001	-0.065	3.25	-0.844	0.031	-0.025	-0.799
ov_tcga_pan_can_atlas_2018	TCGA-29-1703-01	0.02	-0.57	1.18	0.557	-0.568	-0.592	-0.554
ov_tcga_pan_can_atlas_2018	TCGA-29-1702-01	0.993	-0.444	0.338	0.338	-0.035	0.325	2.97
ov_tcga_pan_can_atlas_2018	TCGA-29-1701-01	0.506	-0.158	0.862	0.862	0.118	-0.419	-0.208