STUDY_ID	SAMPLE_ID	TIA1	TIAL1	TPX2	AURKA	BRCA1	BRCA2	TP53
ov_tcga_pan_can_atlas_2018	TCGA-29-1699-01	1257.84708896043	1540.63310460847	2436.67308285322	788.297834760036	292.856224713604	122.803669585996	3357.40870445602
ov_tcga_pan_can_atlas_2018	TCGA-29-1698-01	1672.89366862534	1767.80777919371	5376.20651598255	1394.98893204316	389.948936278854	68.2945407851117	5816.54525225954
ov_tcga_pan_can_atlas_2018	TCGA-29-1697-01	2385.77567764179	1675.79436452277	4754.91175635396	1183.59056910883	462.211559290225	128.051176268231	5071.83659143028
ov_tcga_pan_can_atlas_2018	TCGA-29-1696-01	2133.0769103941	2299.86519449703	937.039769679396	840.065508220646	58.9171044856417	130.254847084526	258.12094885217
ov_tcga_pan_can_atlas_2018	TCGA-29-1695-01	2148.21488183679	1835.64780397389	3657.6281061057	509.684544906321	344.44527164886	197.172790683303	5059.96997947602
ov_tcga_pan_can_atlas_2018	TCGA-29-1694-01	1640.64368990348	1013.83754088549	1220.00498744648	397.410049308345	23.3818353660082	81.4707837374324	1785.55518470812
ov_tcga_pan_can_atlas_2018	TCGA-29-1693-01	1864.6745771663	1788.37171771722	657.11537275953	704.672377936618	145.506729932237	60.8522376854278	347.508216171122
ov_tcga_pan_can_atlas_2018	TCGA-29-1692-01	NA	NA	NA	NA	NA	NA	NA
ov_tcga_pan_can_atlas_2018	TCGA-29-1691-01	2149.13535922121	1551.53872525325	4333.95342901273	1122.93136425696	825.281608870909	156.260153236175	516.362403234277
ov_tcga_pan_can_atlas_2018	TCGA-29-1690-01	1818.63961785597	2191.37193000559	378.013386473007	160.014106831815	125.783025943604	44.9383670965145	3379.22541802681
ov_tcga_pan_can_atlas_2018	TCGA-29-1688-01	1867.32510842989	2032.26907982962	2778.00847062613	1144.10167709329	119.606508532025	239.040877426769	2510.0836042641
ov_tcga_pan_can_atlas_2018	TCGA-25-2409-01	2172.53544694581	1137.34590230313	1091.09736691042	497.517873601203	117.542345350821	73.0824863084048	3293.67379673998
ov_tcga_pan_can_atlas_2018	TCGA-25-2408-01	NA	NA	NA	NA	NA	NA	NA
ov_tcga_pan_can_atlas_2018	TCGA-25-2404-01	767.63077725472	1991.9138682129	2820.92771327748	1065.45369279433	344.592778985888	22.3391713356676	4911.16476585477
ov_tcga_pan_can_atlas_2018	TCGA-25-2401-01	932.606940757599	1454.14976680296	2501.78642048213	1080.1803937031	211.022536464668	46.5193371040499	2789.59657315745
ov_tcga_pan_can_atlas_2018	TCGA-25-2400-01	725.155736503441	1721.28228221218	2947.79679469808	618.915740006076	263.720237270576	109.515294042647	371.685125349633
ov_tcga_pan_can_atlas_2018	TCGA-25-2399-01	3165.58637358616	1612.15984729893	2738.91648523566	686.984010126682	250.391962856117	89.066025075176	2505.90928722709
ov_tcga_pan_can_atlas_2018	TCGA-25-2398-01	2242.61371914093	1798.36117792321	3619.69529001617	516.199994399292	235.568884790635	101.725728251664	3973.95620594139
ov_tcga_pan_can_atlas_2018	TCGA-25-2397-01	1655.7705712572	2287.25970990559	946.561945773102	407.797108197657	6.53189374530907	32.9554405049335	2381.86118659894
ov_tcga_pan_can_atlas_2018	TCGA-25-2396-01	1020.23195171948	1793.86868034991	4398.15741831073	1241.78988156944	443.918770424476	104.916364920947	4458.03696321455
ov_tcga_pan_can_atlas_2018	TCGA-25-2393-01	2558.79215564719	2137.61649221199	3334.67954172707	743.793374541424	252.06997625695	92.7866375260227	6797.39599050325
ov_tcga_pan_can_atlas_2018	TCGA-25-2392-01	1365.09933937965	2095.41792164013	1313.75780107976	969.224008585573	134.052832188921	52.0739643370092	2967.05317876858
ov_tcga_pan_can_atlas_2018	TCGA-25-2391-01	2128.1750910698	1226.96405414014	2190.65938440538	699.833138303181	232.480626084846	116.517775300449	551.16675603909
ov_tcga_pan_can_atlas_2018	TCGA-25-2042-01	1208.29657144693	1031.42119846356	1110.52344554004	475.619389079137	47.2007940083661	171.732294402146	773.093402436954
ov_tcga_pan_can_atlas_2018	TCGA-25-1878-01	NA	NA	NA	NA	NA	NA	NA
ov_tcga_pan_can_atlas_2018	TCGA-25-1877-01	NA	NA	NA	NA	NA	NA	NA
ov_tcga_pan_can_atlas_2018	TCGA-25-1871-01	2545.65040021892	2464.20009344387	5021.37080298915	517.130617405722	523.520118337253	173.630752248777	1748.2138622827
ov_tcga_pan_can_atlas_2018	TCGA-25-1870-01	3048.26432238308	2033.69299183688	657.773900836533	239.419650911457	114.362951538715	51.4354223116175	429.758013939998
ov_tcga_pan_can_atlas_2018	TCGA-25-1635-01	1119.52040925006	1468.20123955681	2469.55951534812	1144.52617179798	410.62157281779	165.890949441978	3374.00970952773
ov_tcga_pan_can_atlas_2018	TCGA-25-1634-01	2773.75135013336	2022.3348100115	1994.52993725335	421.039166087983	225.366450569106	43.5693044632973	258.491999255459
ov_tcga_pan_can_atlas_2018	TCGA-25-1633-01	1304.23693111777	1624.64391303703	904.673964086044	343.296770492347	93.0915479559094	24.7681855320105	2784.538386056
ov_tcga_pan_can_atlas_2018	TCGA-25-1632-01	1645.91148216376	1750.08062660715	1354.81837571407	474.019370576853	35.2931937615441	54.9222316751049	5021.30722754831
ov_tcga_pan_can_atlas_2018	TCGA-25-1631-01	1743.61516598067	1397.85557116695	2020.97098872144	795.852752055511	227.69086554876	64.4105398695266	393.312813243278
ov_tcga_pan_can_atlas_2018	TCGA-25-1630-01	2120.84454226129	1853.98205082711	1718.64764362859	702.168947626922	98.8380392008803	143.394763058392	2311.51913137149
ov_tcga_pan_can_atlas_2018	TCGA-25-1628-01	2589.00155799875	1795.67892507232	2757.49317256718	763.026250007646	400.161705409347	186.044958036622	1094.2637800506
ov_tcga_pan_can_atlas_2018	TCGA-25-1627-01	738.827598184427	1348.38290747271	2666.54834663705	863.542242285781	291.259011510123	247.531271911681	3899.1422932592
ov_tcga_pan_can_atlas_2018	TCGA-25-1626-01	1850.02456963825	1792.1908925584	2260.85907698412	442.902820275306	195.310656228308	153.20138847498	2784.00456354183
ov_tcga_pan_can_atlas_2018	TCGA-25-1625-01	891.299686374756	1376.6735002992	965.135635252975	374.855230665954	54.7692357499195	47.9886721503985	2097.33378654792
ov_tcga_pan_can_atlas_2018	TCGA-25-1623-01	1578.21757909697	2542.62563461913	3998.68369439217	1192.58114926452	262.821100190734	130.784822866089	4070.6655928932
ov_tcga_pan_can_atlas_2018	TCGA-25-1329-01	1637.82680730536	1360.62413550415	3731.17539968285	1325.633027985	362.094477547325	121.154856043356	485.410323720223
ov_tcga_pan_can_atlas_2018	TCGA-25-1328-01	1893.05411483798	1836.31008862843	323.011802427077	125.130438138157	116.339737762317	47.0025356804795	4448.53317222462
ov_tcga_pan_can_atlas_2018	TCGA-25-1326-01	1058.21107040273	2574.11726994257	1939.80915197773	1573.29847697108	28.0971845575553	140.472017120634	2574.10730120912
ov_tcga_pan_can_atlas_2018	TCGA-25-1324-01	3170.94288655818	2388.32434818859	3820.80117089122	684.52955997522	436.537766350037	216.752866193688	6738.23795450704
ov_tcga_pan_can_atlas_2018	TCGA-25-1323-01	2267.9545724351	2972.44837541642	2500.06765220832	946.225103175202	157.011362683192	141.251637206188	3294.05009785652
ov_tcga_pan_can_atlas_2018	TCGA-25-1322-01	1946.89649678249	1914.08438322673	8451.04298648073	1175.25305772959	241.236173051457	469.966834917112	2955.53661436458
ov_tcga_pan_can_atlas_2018	TCGA-25-1321-01	888.630301959917	2125.29799763752	2044.75394506841	671.540022011785	304.488634520838	121.472509759066	3758.86948867587
ov_tcga_pan_can_atlas_2018	TCGA-25-1320-01	2341.30442087609	1841.80705126112	3855.45633585393	675.975447451788	371.612928702893	274.561695537526	585.895848620594
ov_tcga_pan_can_atlas_2018	TCGA-25-1319-01	1660.61694013666	1679.98883400154	2285.12168959354	884.467654330948	347.871763738917	81.1491489829878	2444.09964103756
ov_tcga_pan_can_atlas_2018	TCGA-25-1318-01	1936.20565101637	1858.51870071071	1863.15408553339	563.131693570347	291.459132929148	20.3702159281085	2640.77385715869
ov_tcga_pan_can_atlas_2018	TCGA-25-1317-01	3293.89870295752	3293.40255708471	1820.53462804608	517.503955056255	205.511211375481	93.118390753918	3376.4075352471
ov_tcga_pan_can_atlas_2018	TCGA-25-1316-01	2203.70968703767	2373.46709577171	2387.66820137192	357.192985607076	292.492623825518	123.649640317129	3483.19829164678
ov_tcga_pan_can_atlas_2018	TCGA-25-1315-01	3495.83813299408	2842.86134467785	2248.11820751254	651.935985790952	90.0650168427487	125.817647661426	3975.45265921882
ov_tcga_pan_can_atlas_2018	TCGA-25-1314-01	2184.11349982944	1754.65039072349	1970.53713129156	509.811893317727	245.871849490266	132.608636236444	460.060755248295
ov_tcga_pan_can_atlas_2018	TCGA-25-1313-01	1324.8312263332	2129.8015332884	1100.78042770883	1037.31513611336	20.204038767106	100.981771638108	5216.61625822338
ov_tcga_pan_can_atlas_2018	TCGA-25-1312-01	1864.68566725527	1783.71364898028	2746.80083504985	714.812359138843	207.39498341841	185.754673962213	412.438536271344
ov_tcga_pan_can_atlas_2018	TCGA-24-2298-01	1843.62558830314	1819.7971245752	1949.77201226258	668.952781209113	103.32714783984	124.750231650672	307.129356128204
ov_tcga_pan_can_atlas_2018	TCGA-24-2297-01	2903.039607334	1473.26771716405	2343.62976077483	889.546352515746	122.783083732595	226.741955885618	2287.43585991267
ov_tcga_pan_can_atlas_2018	TCGA-24-2295-01	NA	NA	NA	NA	NA	NA	NA
ov_tcga_pan_can_atlas_2018	TCGA-24-2293-01	1533.67978179746	1562.40019358773	2290.44787267461	614.055819861385	234.49405425841	92.3172067085507	1056.25736727966
ov_tcga_pan_can_atlas_2018	TCGA-24-2290-01	1757.41123665811	1898.70834116379	3137.51083933971	1198.89414743679	75.7368869629103	87.8310736843355	2601.72605292569
ov_tcga_pan_can_atlas_2018	TCGA-24-2289-01	1619.17327765949	1484.44928974822	720.221149073271	724.354782410624	48.7375010175504	97.2205194168444	592.399732104675
ov_tcga_pan_can_atlas_2018	TCGA-24-2288-01	2032.83359620328	2100.48439924737	2232.86913550184	709.927404691055	366.260385396875	82.4852021700294	1900.72957993684
ov_tcga_pan_can_atlas_2018	TCGA-24-2281-01	1514.53828823696	1651.59889847687	3278.30993804925	847.25035320947	245.814537722376	179.967238901579	7910.8972479231
ov_tcga_pan_can_atlas_2018	TCGA-24-2280-01	NA	NA	NA	NA	NA	NA	NA
ov_tcga_pan_can_atlas_2018	TCGA-24-2271-01	1841.84008397913	1799.96169917169	1563.56877827207	403.053651984766	100.849588300088	113.877848989471	551.007484403716
ov_tcga_pan_can_atlas_2018	TCGA-24-2267-01	1879.59074682961	2470.43660727413	1476.13143876118	348.901189042182	280.15274252286	109.443967098649	1025.45318285559
ov_tcga_pan_can_atlas_2018	TCGA-24-2262-01	1645.97802269757	1085.13358775462	2051.67898235767	580.630671435115	180.522341038432	77.257600681468	2192.50296427852
ov_tcga_pan_can_atlas_2018	TCGA-24-2261-01	1778.13861294118	2067.35912844273	4658.0711555311	796.801878677274	762.205780391089	170.464997071585	2955.92166666988
ov_tcga_pan_can_atlas_2018	TCGA-24-2260-01	NA	NA	NA	NA	NA	NA	NA
ov_tcga_pan_can_atlas_2018	TCGA-24-2254-01	2210.62990255433	1319.84947693956	1492.16994503718	466.727857687876	141.21210548923	77.9346260812955	4241.60256288048
ov_tcga_pan_can_atlas_2018	TCGA-24-2038-01	1631.8381592621	1766.84746644462	87.6576649852986	47.136502218795	47.3195515077308	15.6455523330365	3511.84968363666
ov_tcga_pan_can_atlas_2018	TCGA-24-2035-01	1550.93596023322	1367.89822862653	1061.1987932171	329.85988041705	80.8537943445562	176.086555518273	822.941923833645
ov_tcga_pan_can_atlas_2018	TCGA-24-2033-01	2217.19523522398	1997.24525968196	2285.91112385884	884.50030776977	278.262393719681	118.727251798232	3225.43202681417
ov_tcga_pan_can_atlas_2018	TCGA-24-2030-01	NA	NA	NA	NA	NA	NA	NA
ov_tcga_pan_can_atlas_2018	TCGA-24-2029-01	NA	NA	NA	NA	NA	NA	NA
ov_tcga_pan_can_atlas_2018	TCGA-24-2027-01	1908.55805921664	2326.73187531625	5264.91627025308	1830.84703344066	739.761176733468	104.098593214185	1113.07883587779
ov_tcga_pan_can_atlas_2018	TCGA-24-2026-01	1198.06041932854	1298.22588296879	2412.17064211257	633.946117895892	395.172762991416	136.960409203362	1209.27190269294
ov_tcga_pan_can_atlas_2018	TCGA-24-2024-01	2123.81668610498	2048.29636846952	1234.31473260986	396.485956989679	115.840843520524	35.3220021561252	6176.80543981221
ov_tcga_pan_can_atlas_2018	TCGA-24-2023-01	2132.20079336555	2062.73417393852	2663.25070983264	985.035892111198	160.166328528656	72.1947976088637	5112.25833229811
ov_tcga_pan_can_atlas_2018	TCGA-24-2020-01	1597.525423992	2353.55440382517	4509.34773565218	1581.94075377933	357.39961026627	113.800716363985	239.228882563911
ov_tcga_pan_can_atlas_2018	TCGA-24-2019-01	3363.81062381811	2374.91308393413	9176.50309777348	2013.70629084446	650.511721534487	209.544697934591	3447.58095340645
ov_tcga_pan_can_atlas_2018	TCGA-24-1930-01	1077.97582696328	2286.32147331166	1005.93839464622	371.902271348474	226.785151708668	98.1104474506737	592.013804680499
ov_tcga_pan_can_atlas_2018	TCGA-24-1928-01	2285.24402113778	1375.41515945557	4112.73196363078	1326.41671051673	241.12624720157	83.4104619226296	482.833973750211
ov_tcga_pan_can_atlas_2018	TCGA-24-1927-01	NA	NA	NA	NA	NA	NA	NA
ov_tcga_pan_can_atlas_2018	TCGA-24-1924-01	2482.0820102486	2019.0675390491	3258.90384509723	1343.51622797991	276.025355697629	108.320982422224	385.28184732113
ov_tcga_pan_can_atlas_2018	TCGA-24-1923-01	NA	NA	NA	NA	NA	NA	NA
ov_tcga_pan_can_atlas_2018	TCGA-24-1920-01	NA	NA	NA	NA	NA	NA	NA
ov_tcga_pan_can_atlas_2018	TCGA-24-1852-01	NA	NA	NA	NA	NA	NA	NA
ov_tcga_pan_can_atlas_2018	TCGA-24-1850-01	3418.19642012209	1474.54813416283	3127.52799337727	1254.51383823045	326.435283473845	98.3335514964333	426.52795016985
ov_tcga_pan_can_atlas_2018	TCGA-24-1849-01	1721.23536644123	1271.41439253744	2425.45112487942	932.843723945901	170.362185989936	83.2238507319385	1798.98825944986
ov_tcga_pan_can_atlas_2018	TCGA-24-1847-01	1094.98469641504	1632.29330079699	2088.50259334025	1020.04799766422	127.66210030064	181.164038671211	3321.91388285829
ov_tcga_pan_can_atlas_2018	TCGA-24-1846-01	2089.37086976726	2736.60880993427	1938.58003280518	241.878454854762	102.943816671005	105.06731263964	463.543728373516
ov_tcga_pan_can_atlas_2018	TCGA-24-1845-01	NA	NA	NA	NA	NA	NA	NA
ov_tcga_pan_can_atlas_2018	TCGA-24-1844-01	2295.51344352308	1721.5913483843	1286.46735831356	696.770245741668	237.17643290308	42.2296019907487	3534.8128029346
ov_tcga_pan_can_atlas_2018	TCGA-24-1843-01	2293.00708341608	2493.82629365702	4518.3612762509	1794.89559729752	319.538141046343	112.890883136482	1875.56991226093
ov_tcga_pan_can_atlas_2018	TCGA-24-1842-01	1385.42747245983	1639.65569853997	4994.06037454535	1052.83205024162	256.571298879231	97.9230068769128	3718.27272403291
ov_tcga_pan_can_atlas_2018	TCGA-24-1616-01	1390.46237285176	1232.78112102253	1646.4893546448	828.882793872034	210.370497662777	82.1016125002754	2524.97812752824
ov_tcga_pan_can_atlas_2018	TCGA-24-1614-01	NA	NA	NA	NA	NA	NA	NA
ov_tcga_pan_can_atlas_2018	TCGA-24-1604-01	1291.23934684609	1175.81360265441	1825.19129092746	603.577331343371	151.16650189563	38.4527573677738	618.557910417734
ov_tcga_pan_can_atlas_2018	TCGA-24-1603-01	2216.52982988584	1797.93069289776	3199.49641842383	992.071619729402	348.468369847275	75.7284671157913	432.381620329298
ov_tcga_pan_can_atlas_2018	TCGA-24-1567-01	1234.23628954542	1770.46795588945	2105.58035485158	915.444883293522	6.66972384939769	175.092954600726	3281.88594548452
ov_tcga_pan_can_atlas_2018	TCGA-24-1565-01	NA	NA	NA	NA	NA	NA	NA
ov_tcga_pan_can_atlas_2018	TCGA-24-1564-01	1624.35234920802	1903.95142801224	1310.62004969617	412.958528427472	234.929999509243	69.2751203884635	829.276034255843
ov_tcga_pan_can_atlas_2018	TCGA-24-1563-01	1827.51168903117	1893.08995967777	1494.37836241226	547.98158640485	55.5005714896781	70.4569083245338	1930.83366926036
ov_tcga_pan_can_atlas_2018	TCGA-24-1562-01	1516.9559276322	1787.45555727843	1894.5615778857	586.862036010334	136.124511667554	86.5621175876357	1566.93298718483
ov_tcga_pan_can_atlas_2018	TCGA-24-1560-01	3359.30804769669	1711.45839316982	1582.52519347803	732.779369626728	172.758945332336	74.6410629730572	3460.10390451749
ov_tcga_pan_can_atlas_2018	TCGA-24-1558-01	1399.31226384902	1716.92224156979	2823.38595162259	665.58076942675	308.165983037558	54.5253718762351	4544.95376994745
ov_tcga_pan_can_atlas_2018	TCGA-24-1557-01	1470.22229271682	1006.23120162808	2545.27525494515	1033.01467822048	18.9456226701987	136.025694483766	2696.45767121844
ov_tcga_pan_can_atlas_2018	TCGA-24-1556-01	2791.89473568665	1323.6465756256	4328.18756102442	973.572358188717	538.794174248423	202.115084395874	755.543768503994
ov_tcga_pan_can_atlas_2018	TCGA-24-1555-01	1328.28024400256	1481.45797072521	1679.15594468607	448.966563864571	227.344176329887	25.7817745815379	3687.75732883783
ov_tcga_pan_can_atlas_2018	TCGA-24-1553-01	835.532064985232	1665.4737619895	684.720589947969	240.674631410186	64.5857080985134	62.5142384188766	3528.78323388114
ov_tcga_pan_can_atlas_2018	TCGA-24-1552-01	2267.632959855	1334.53012011523	8019.25242187895	1629.36443142864	436.766073884417	181.256929575022	4707.54210586071
ov_tcga_pan_can_atlas_2018	TCGA-24-1551-01	1614.24927815726	873.832772530976	2557.60641802588	449.920044278176	235.51533117146	45.5030940286994	5542.44051801791
ov_tcga_pan_can_atlas_2018	TCGA-24-1550-01	1453.91986193239	1768.13892152098	4107.33583067811	1469.15577608777	212.229841739064	86.2668572148088	457.220119377826
ov_tcga_pan_can_atlas_2018	TCGA-24-1549-01	1552.57729340064	1322.4213490147	4531.55182346855	401.735541504314	271.375586201143	121.541348553854	2411.76399858105
ov_tcga_pan_can_atlas_2018	TCGA-24-1548-01	2099.48503090699	2007.8970045425	4927.43811825746	1111.6223899449	490.62692171733	184.62422483816	3617.87033542573
ov_tcga_pan_can_atlas_2018	TCGA-24-1546-01	1085.14335146395	1099.86169466386	552.810121352139	314.831679423155	52.8297491523043	49.1186236446102	2835.49655818706
ov_tcga_pan_can_atlas_2018	TCGA-24-1545-01	1193.30277116084	1631.2888357376	1519.27052386615	519.589421349027	139.566975889645	63.0734914228012	1934.36039832936
ov_tcga_pan_can_atlas_2018	TCGA-24-1544-01	1768.59004633886	1228.78533694013	2826.88344520302	562.207601251681	226.140629204205	44.8191018110861	2720.66345931985
ov_tcga_pan_can_atlas_2018	TCGA-24-1474-01	1997.00151874444	1647.61415247204	6654.66033369739	1758.66116468458	668.487886371077	99.4059438056052	516.190879934643
ov_tcga_pan_can_atlas_2018	TCGA-24-1471-01	NA	NA	NA	NA	NA	NA	NA
ov_tcga_pan_can_atlas_2018	TCGA-24-1470-01	NA	NA	NA	NA	NA	NA	NA
ov_tcga_pan_can_atlas_2018	TCGA-24-1469-01	2086.63161779192	1984.05475697901	6526.28233361779	1603.1546045341	632.055453199676	182.822804810688	4276.30102630133
ov_tcga_pan_can_atlas_2018	TCGA-24-1467-01	2480.55157797088	1418.36431930258	1503.5717741094	413.318804702476	140.870113956249	240.929382676563	4767.75028450774
ov_tcga_pan_can_atlas_2018	TCGA-24-1466-01	NA	NA	NA	NA	NA	NA	NA
ov_tcga_pan_can_atlas_2018	TCGA-24-1464-01	NA	NA	NA	NA	NA	NA	NA
ov_tcga_pan_can_atlas_2018	TCGA-24-1463-01	2616.8931317558	1412.75697589413	4775.70685389936	1667.72133756501	413.320863131673	106.30309341355	2487.19924566498
ov_tcga_pan_can_atlas_2018	TCGA-24-1436-01	1342.45337770495	1338.0843810946	3451.45585595841	874.470259811579	366.481176633827	138.847255687017	453.981304418921
ov_tcga_pan_can_atlas_2018	TCGA-24-1435-01	1609.17001740946	1157.03783269816	2847.39874326198	903.28691957209	21.6462283361315	76.4762388914675	2992.53664042848
ov_tcga_pan_can_atlas_2018	TCGA-24-1434-01	1983.69341198164	1729.01997459274	3926.92511896043	650.454608116389	280.770957986325	82.2150721042156	2687.51395630896
ov_tcga_pan_can_atlas_2018	TCGA-24-1431-01	NA	NA	NA	NA	NA	NA	NA
ov_tcga_pan_can_atlas_2018	TCGA-24-1430-01	2747.44565909889	2779.58004593643	2866.32517995153	561.705826741782	5.86594979317536	154.335984514382	3554.45047050494
ov_tcga_pan_can_atlas_2018	TCGA-24-1428-01	1382.42205834923	1403.9596280663	3374.67088260965	934.231495095841	35.8992891954062	146.563006384793	8260.47223400368
ov_tcga_pan_can_atlas_2018	TCGA-24-1427-01	1050.81176304261	2300.49436491884	2176.90923821486	724.552879939478	197.860560130807	103.056888078594	1646.20125494426
ov_tcga_pan_can_atlas_2018	TCGA-24-1426-01	NA	NA	NA	NA	NA	NA	NA
ov_tcga_pan_can_atlas_2018	TCGA-24-1425-01	1801.91576369072	1264.60389867324	1465.0693662082	470.494976079987	37.6839400660016	255.860766081064	2431.59419230404
ov_tcga_pan_can_atlas_2018	TCGA-24-1424-01	3495.51652041398	2228.29429949626	4946.2446408814	832.296166676906	295.054741711337	168.399003844867	3057.5317193255
ov_tcga_pan_can_atlas_2018	TCGA-24-1423-01	2473.39847058587	1800.49152689532	2031.68331191638	433.535637125204	5.49896657124615	92.582609290867	2530.72765854148
ov_tcga_pan_can_atlas_2018	TCGA-24-1422-01	NA	NA	NA	NA	NA	NA	NA
ov_tcga_pan_can_atlas_2018	TCGA-24-1419-01	1834.18792259051	2865.65497487164	2473.436736803	865.941181591245	166.40955307991	60.1057099843562	4866.27991872096
ov_tcga_pan_can_atlas_2018	TCGA-24-1418-01	2252.02920467562	2048.7599677277	4575.56028554922	945.803873814397	377.572413026234	208.009509872505	568.737392825066
ov_tcga_pan_can_atlas_2018	TCGA-24-1417-01	710.204078555432	1858.24274877132	3943.87297356735	528.109791985676	412.933773814124	96.638292501888	3316.72442792548
ov_tcga_pan_can_atlas_2018	TCGA-24-1416-01	993.509273339773	1545.56712528481	2098.99507408156	833.75033315245	424.549271952144	156.179703078411	2395.80183028858
ov_tcga_pan_can_atlas_2018	TCGA-24-1413-01	2321.46425171054	2430.83198493256	1379.66057297397	426.641407741896	173.122546220422	78.1957158716492	313.004029140668
ov_tcga_pan_can_atlas_2018	TCGA-24-1105-01	NA	NA	NA	NA	NA	NA	NA
ov_tcga_pan_can_atlas_2018	TCGA-24-1104-01	NA	NA	NA	NA	NA	NA	NA
ov_tcga_pan_can_atlas_2018	TCGA-24-1103-01	962.512474671412	2212.80787665757	2001.29508912179	1346.91218561741	190.305741678342	92.173723437486	544.374083326034
ov_tcga_pan_can_atlas_2018	TCGA-23-2649-01	NA	NA	NA	NA	NA	NA	NA
ov_tcga_pan_can_atlas_2018	TCGA-23-2647-01	NA	NA	NA	NA	NA	NA	NA
ov_tcga_pan_can_atlas_2018	TCGA-23-2645-01	NA	NA	NA	NA	NA	NA	NA
ov_tcga_pan_can_atlas_2018	TCGA-23-2643-01	NA	NA	NA	NA	NA	NA	NA
ov_tcga_pan_can_atlas_2018	TCGA-23-2641-01	NA	NA	NA	NA	NA	NA	NA
ov_tcga_pan_can_atlas_2018	TCGA-23-2084-01	1562.42529240511	2079.93149880144	5372.02950936363	1436.30641663273	425.771609821396	118.70237030614	557.110563442734
ov_tcga_pan_can_atlas_2018	TCGA-23-2081-01	1710.33380898469	2107.46046427521	1692.20659216049	867.850319314378	214.791020087705	85.8115259095224	2263.25632537754
ov_tcga_pan_can_atlas_2018	TCGA-23-2079-01	NA	NA	NA	NA	NA	NA	NA
ov_tcga_pan_can_atlas_2018	TCGA-23-2078-01	2708.70797833017	3124.18882784941	3507.5256744722	1046.92830850258	266.582067516343	184.383703747936	2274.94791355667
ov_tcga_pan_can_atlas_2018	TCGA-23-2077-01	2165.51542062843	1620.32802470494	1152.62327540969	356.786994517721	180.052572449173	93.2187461053564	6042.55345309359
ov_tcga_pan_can_atlas_2018	TCGA-23-2072-01	NA	NA	NA	NA	NA	NA	NA
ov_tcga_pan_can_atlas_2018	TCGA-23-1809-01	1710.87722334418	1461.87642110594	4553.79588264011	1708.30956202089	505.213236413825	329.734745485737	3748.31555503513
ov_tcga_pan_can_atlas_2018	TCGA-23-1124-01	NA	NA	NA	NA	NA	NA	NA
ov_tcga_pan_can_atlas_2018	TCGA-23-1123-01	2072.87990747035	1541.14085617695	3989.67015379345	1391.3535158543	246.790716850857	94.0721812841172	3708.33137360514
ov_tcga_pan_can_atlas_2018	TCGA-23-1122-01	2439.69569020908	2309.64493122909	4681.16460600078	1221.92570628598	1005.92078496153	205.110816043769	3889.69100940182
ov_tcga_pan_can_atlas_2018	TCGA-23-1121-01	NA	NA	NA	NA	NA	NA	NA
ov_tcga_pan_can_atlas_2018	TCGA-23-1120-01	1919.54833738493	1605.08443957292	1967.14955893794	495.409549901256	492.656322022929	121.388742069022	3093.42034441729
ov_tcga_pan_can_atlas_2018	TCGA-23-1119-01	NA	NA	NA	NA	NA	NA	NA
ov_tcga_pan_can_atlas_2018	TCGA-23-1118-01	NA	NA	NA	NA	NA	NA	NA
ov_tcga_pan_can_atlas_2018	TCGA-23-1117-01	NA	NA	NA	NA	NA	NA	NA
ov_tcga_pan_can_atlas_2018	TCGA-23-1116-01	NA	NA	NA	NA	NA	NA	NA
ov_tcga_pan_can_atlas_2018	TCGA-23-1114-01	3224.69654779094	1617.28151529405	2806.91775327814	643.933716383614	244.971772873245	52.1421396253416	1712.43025145599
ov_tcga_pan_can_atlas_2018	TCGA-23-1113-01	NA	NA	NA	NA	NA	NA	NA
ov_tcga_pan_can_atlas_2018	TCGA-23-1111-01	2317.77125208386	1235.14326962373	1470.24565670725	427.616657114716	218.279521631543	93.2983668800513	3071.00855001103
ov_tcga_pan_can_atlas_2018	TCGA-23-1110-01	NA	NA	NA	NA	NA	NA	NA
ov_tcga_pan_can_atlas_2018	TCGA-23-1109-01	1744.77962532242	1752.75184138047	17456.2895289984	1254.01315216851	254.3464748405	187.400169972575	4632.46565751581
ov_tcga_pan_can_atlas_2018	TCGA-23-1032-01	NA	NA	NA	NA	NA	NA	NA
ov_tcga_pan_can_atlas_2018	TCGA-23-1031-01	NA	NA	NA	NA	NA	NA	NA
ov_tcga_pan_can_atlas_2018	TCGA-23-1030-01	NA	NA	NA	NA	NA	NA	NA
ov_tcga_pan_can_atlas_2018	TCGA-23-1029-01	2132.22297354348	1710.80714659286	2764.31828146843	700.499268455152	291.348267542083	127.765039109172	3369.12654620142
ov_tcga_pan_can_atlas_2018	TCGA-23-1028-01	NA	NA	NA	NA	NA	NA	NA
ov_tcga_pan_can_atlas_2018	TCGA-23-1027-01	1056.47990751467	1232.14091252314	2147.99995556287	1013.99187321068	233.500023923538	47.1045497980573	501.541389955699
ov_tcga_pan_can_atlas_2018	TCGA-23-1026-01	1305.21285894704	1472.27429018224	1624.71495889689	457.644759455527	59.8982631611682	77.0377312296804	3988.12438053871
ov_tcga_pan_can_atlas_2018	TCGA-23-1024-01	NA	NA	NA	NA	NA	NA	NA
ov_tcga_pan_can_atlas_2018	TCGA-23-1023-01	488.597484741239	1524.46232096009	1627.1831900808	434.797148311698	50.1253853376575	48.2207335333113	2523.01786124671
ov_tcga_pan_can_atlas_2018	TCGA-23-1022-01	NA	NA	NA	NA	NA	NA	NA
ov_tcga_pan_can_atlas_2018	TCGA-23-1021-01	NA	NA	NA	NA	NA	NA	NA
ov_tcga_pan_can_atlas_2018	TCGA-20-1687-01	712.910060263868	1904.98900730436	629.945843342827	327.294408573593	28.9213465705515	39.3681474618442	3047.32783323503
ov_tcga_pan_can_atlas_2018	TCGA-20-1686-01	NA	NA	NA	NA	NA	NA	NA
ov_tcga_pan_can_atlas_2018	TCGA-20-1685-01	2191.31096757033	2190.99663536801	3683.86930079776	1106.10395878397	271.872601368579	72.5545010462092	3206.36318651302
ov_tcga_pan_can_atlas_2018	TCGA-20-1684-01	2006.97150872757	2372.36328801414	4711.88259247581	974.755501122038	281.367564094684	227.341599845038	8445.83991425098
ov_tcga_pan_can_atlas_2018	TCGA-20-1683-01	2217.20632531295	2378.58876376683	6576.34645601203	1651.03543032692	766.893131374717	263.030782718953	1212.34356994659
ov_tcga_pan_can_atlas_2018	TCGA-20-1682-01	1061.32738540302	1765.93130600584	3875.61189171605	614.990796659659	60.9484778193159	65.4358232203372	2464.5686715398
ov_tcga_pan_can_atlas_2018	TCGA-13-A5FU-01	NA	NA	NA	NA	NA	NA	NA
ov_tcga_pan_can_atlas_2018	TCGA-13-A5FT-01	2932.88303674958	1819.11276376551	6282.97669448509	866.355880264286	626.737672769263	83.2114099858924	220.328065086896
ov_tcga_pan_can_atlas_2018	TCGA-13-2071-01	NA	NA	NA	NA	NA	NA	NA
ov_tcga_pan_can_atlas_2018	TCGA-13-2066-01	NA	NA	NA	NA	NA	NA	NA
ov_tcga_pan_can_atlas_2018	TCGA-13-2065-01	NA	NA	NA	NA	NA	NA	NA
ov_tcga_pan_can_atlas_2018	TCGA-13-2061-01	NA	NA	NA	NA	NA	NA	NA
ov_tcga_pan_can_atlas_2018	TCGA-13-2060-01	1526.13852129853	1646.9077155072	4824.45192157183	1042.63764664136	235.062474251414	126.261367603736	3352.73556965986
ov_tcga_pan_can_atlas_2018	TCGA-13-2059-01	NA	NA	NA	NA	NA	NA	NA
ov_tcga_pan_can_atlas_2018	TCGA-13-2057-01	NA	NA	NA	NA	NA	NA	NA
ov_tcga_pan_can_atlas_2018	TCGA-13-1819-01	NA	NA	NA	NA	NA	NA	NA
ov_tcga_pan_can_atlas_2018	TCGA-13-1817-01	NA	NA	NA	NA	NA	NA	NA
ov_tcga_pan_can_atlas_2018	TCGA-13-1512-01	747.416872090919	1786.68289184814	4068.31379515925	1656.72801316157	68.1815047881383	337.567439196347	2361.13837162275
ov_tcga_pan_can_atlas_2018	TCGA-13-1511-01	1692.32350449904	1596.055292116	3189.83334330303	509.9207381138	110.034503757282	36.7025932140118	5086.34606238912
ov_tcga_pan_can_atlas_2018	TCGA-13-1510-01	NA	NA	NA	NA	NA	NA	NA
ov_tcga_pan_can_atlas_2018	TCGA-13-1509-01	NA	NA	NA	NA	NA	NA	NA
ov_tcga_pan_can_atlas_2018	TCGA-13-1507-01	1878.69244962312	2063.26400166215	2167.83574058333	946.664836151339	118.930981300671	84.2995605733892	549.883831767338
ov_tcga_pan_can_atlas_2018	TCGA-13-1506-01	1235.41183897614	2127.99128856599	7790.32647778124	2378.7173144776	401.339885031209	255.259463355504	373.75390637175
ov_tcga_pan_can_atlas_2018	TCGA-13-1505-01	2994.27776928198	2276.21059425232	1972.61564176222	636.718394851889	186.581416302696	54.0843888980551	618.646297424179
ov_tcga_pan_can_atlas_2018	TCGA-13-1504-01	NA	NA	NA	NA	NA	NA	NA
ov_tcga_pan_can_atlas_2018	TCGA-13-1501-01	NA	NA	NA	NA	NA	NA	NA
ov_tcga_pan_can_atlas_2018	TCGA-13-1500-01	NA	NA	NA	NA	NA	NA	NA
ov_tcga_pan_can_atlas_2018	TCGA-13-1499-01	NA	NA	NA	NA	NA	NA	NA
ov_tcga_pan_can_atlas_2018	TCGA-13-1498-01	1452.30070894292	1976.26187421058	2531.32525197861	1064.34891811418	166.118296554569	97.5854479675293	1219.47578878341
ov_tcga_pan_can_atlas_2018	TCGA-13-1497-01	1883.27265636732	2083.25396015172	3268.48697750762	854.232746877598	41.7605918835921	323.201695045407	1545.03751291523
ov_tcga_pan_can_atlas_2018	TCGA-13-1496-01	NA	NA	NA	NA	NA	NA	NA
ov_tcga_pan_can_atlas_2018	TCGA-13-1495-01	NA	NA	NA	NA	NA	NA	NA
ov_tcga_pan_can_atlas_2018	TCGA-13-1494-01	NA	NA	NA	NA	NA	NA	NA
ov_tcga_pan_can_atlas_2018	TCGA-13-1492-01	NA	NA	NA	NA	NA	NA	NA
ov_tcga_pan_can_atlas_2018	TCGA-13-1491-01	NA	NA	NA	NA	NA	NA	NA
ov_tcga_pan_can_atlas_2018	TCGA-13-1489-01	NA	NA	NA	NA	NA	NA	NA
ov_tcga_pan_can_atlas_2018	TCGA-13-1488-01	NA	NA	NA	NA	NA	NA	NA
ov_tcga_pan_can_atlas_2018	TCGA-13-1487-01	NA	NA	NA	NA	NA	NA	NA
ov_tcga_pan_can_atlas_2018	TCGA-13-1485-01	NA	NA	NA	NA	NA	NA	NA
ov_tcga_pan_can_atlas_2018	TCGA-13-1484-01	NA	NA	NA	NA	NA	NA	NA
ov_tcga_pan_can_atlas_2018	TCGA-13-1483-01	NA	NA	NA	NA	NA	NA	NA
ov_tcga_pan_can_atlas_2018	TCGA-13-1482-01	NA	NA	NA	NA	NA	NA	NA
ov_tcga_pan_can_atlas_2018	TCGA-13-1481-01	1742.91649037562	2248.09661066705	2926.70191198865	1380.10984841988	232.019313330193	37.7089666308324	2257.81308597078
ov_tcga_pan_can_atlas_2018	TCGA-13-1477-01	NA	NA	NA	NA	NA	NA	NA
ov_tcga_pan_can_atlas_2018	TCGA-13-1412-01	NA	NA	NA	NA	NA	NA	NA
ov_tcga_pan_can_atlas_2018	TCGA-13-1411-01	1400.9646871054	1779.55229373424	1905.67361463268	629.870968730893	199.34221026133	143.539905095597	3453.391742741
ov_tcga_pan_can_atlas_2018	TCGA-13-1410-01	977.803489341872	1925.57502198302	6607.55409158832	1563.67659699817	321.849402505498	100.902150863413	470.236637534745
ov_tcga_pan_can_atlas_2018	TCGA-13-1409-01	NA	NA	NA	NA	NA	NA	NA
ov_tcga_pan_can_atlas_2018	TCGA-13-1408-01	NA	NA	NA	NA	NA	NA	NA
ov_tcga_pan_can_atlas_2018	TCGA-13-1407-01	NA	NA	NA	NA	NA	NA	NA
ov_tcga_pan_can_atlas_2018	TCGA-13-1405-01	1675.40002873234	1212.08472556812	3293.54901722115	959.082938935387	312.108281038621	180.804915802014	564.136892895597
ov_tcga_pan_can_atlas_2018	TCGA-13-1404-01	NA	NA	NA	NA	NA	NA	NA
ov_tcga_pan_can_atlas_2018	TCGA-13-1403-01	3236.91782583478	2034.95133268051	2860.93903983766	451.62346533673	151.656000765638	41.6536783871224	667.66345588897
ov_tcga_pan_can_atlas_2018	TCGA-09-2055-01	NA	NA	NA	NA	NA	NA	NA
ov_tcga_pan_can_atlas_2018	TCGA-09-2054-01	4240.43779646187	2431.88060230226	3660.54601503566	1122.07149036798	246.009021918329	164.777087979319	2303.49429128147
ov_tcga_pan_can_atlas_2018	TCGA-09-2053-01	NA	NA	NA	NA	NA	NA	NA
ov_tcga_pan_can_atlas_2018	TCGA-09-2051-01	1599.1002166256	2026.50720333511	2813.56299108096	2087.51394706203	453.214551268735	213.709859710817	575.178267750098
ov_tcga_pan_can_atlas_2018	TCGA-09-2050-01	NA	NA	NA	NA	NA	NA	NA
ov_tcga_pan_can_atlas_2018	TCGA-09-2049-01	NA	NA	NA	NA	NA	NA	NA
ov_tcga_pan_can_atlas_2018	TCGA-09-2045-01	1639.43487020586	1770.92051707005	401.773359290727	139.921357476611	17.821278528666	64.9435014301405	2074.2043946636
ov_tcga_pan_can_atlas_2018	TCGA-09-2044-01	2151.22029594739	1414.50099215109	5021.68058099199	1011.12381283414	18.5552449725244	87.8816660515895	265.400187660106
ov_tcga_pan_can_atlas_2018	TCGA-09-2043-01	NA	NA	NA	NA	NA	NA	NA
ov_tcga_pan_can_atlas_2018	TCGA-09-1675-01	NA	NA	NA	NA	NA	NA	NA
ov_tcga_pan_can_atlas_2018	TCGA-09-1674-01	3596.10362736283	2008.02946147341	6431.82002842963	1663.22604748717	924.638605036388	202.763661956409	317.678039055694
ov_tcga_pan_can_atlas_2018	TCGA-09-1673-01	2521.68471795691	1124.08917113473	1948.56287876762	402.21772395092	279.184079691807	142.029598525603	4846.16093576899
ov_tcga_pan_can_atlas_2018	TCGA-09-1672-01	NA	NA	NA	NA	NA	NA	NA
ov_tcga_pan_can_atlas_2018	TCGA-09-1670-01	2055.33538672139	1822.54560589155	2016.90390332934	584.255203144369	222.817486203786	80.8110924437623	6771.1511754215
ov_tcga_pan_can_atlas_2018	TCGA-09-1669-01	2527.06341110688	2617.70663828896	2454.04063668978	769.776804260137	109.831563726722	146.822603285621	577.296930548128
ov_tcga_pan_can_atlas_2018	TCGA-09-1668-01	1909.09038348716	2239.95050941619	3301.63322381135	847.468042801617	102.257954530687	114.841592116507	3492.439546974
ov_tcga_pan_can_atlas_2018	TCGA-09-1667-01	2142.01552210311	1965.26794894519	2127.23483653388	650.193380605812	267.3318181848	90.5066634673117	3736.13390028562
ov_tcga_pan_can_atlas_2018	TCGA-09-1666-01	2251.60778129479	2247.7102779519	1580.37673313577	527.883394809842	51.7026803529539	125.018951765268	2541.01905651952
ov_tcga_pan_can_atlas_2018	TCGA-09-1665-01	NA	NA	NA	NA	NA	NA	NA
ov_tcga_pan_can_atlas_2018	TCGA-09-1664-01	NA	NA	NA	NA	NA	NA	NA
ov_tcga_pan_can_atlas_2018	TCGA-09-1662-01	2753.96663141266	2019.84020447939	2316.40926788024	896.232688338554	165.949179862436	190.1429397842	3587.55621757205
ov_tcga_pan_can_atlas_2018	TCGA-09-1661-01	NA	NA	NA	NA	NA	NA	NA
ov_tcga_pan_can_atlas_2018	TCGA-09-1659-01	2335.87027728128	2280.25053064503	1937.31094227742	804.214209289893	181.372622184991	67.2831910698727	492.129486447722
ov_tcga_pan_can_atlas_2018	TCGA-04-1655-01	NA	NA	NA	NA	NA	NA	NA
ov_tcga_pan_can_atlas_2018	TCGA-04-1654-01	NA	NA	NA	NA	NA	NA	NA
ov_tcga_pan_can_atlas_2018	TCGA-04-1652-01	NA	NA	NA	NA	NA	NA	NA
ov_tcga_pan_can_atlas_2018	TCGA-04-1651-01	NA	NA	NA	NA	NA	NA	NA
ov_tcga_pan_can_atlas_2018	TCGA-04-1649-01	NA	NA	NA	NA	NA	NA	NA
ov_tcga_pan_can_atlas_2018	TCGA-04-1648-01	NA	NA	NA	NA	NA	NA	NA
ov_tcga_pan_can_atlas_2018	TCGA-04-1646-01	NA	NA	NA	NA	NA	NA	NA
ov_tcga_pan_can_atlas_2018	TCGA-04-1644-01	NA	NA	NA	NA	NA	NA	NA
ov_tcga_pan_can_atlas_2018	TCGA-04-1638-01	NA	NA	NA	NA	NA	NA	NA
ov_tcga_pan_can_atlas_2018	TCGA-04-1542-01	NA	NA	NA	NA	NA	NA	NA
ov_tcga_pan_can_atlas_2018	TCGA-04-1536-01	NA	NA	NA	NA	NA	NA	NA
ov_tcga_pan_can_atlas_2018	TCGA-04-1530-01	NA	NA	NA	NA	NA	NA	NA
ov_tcga_pan_can_atlas_2018	TCGA-04-1525-01	NA	NA	NA	NA	NA	NA	NA
ov_tcga_pan_can_atlas_2018	TCGA-04-1519-01	2027.12220038425	1417.31570193289	972.600285837505	235.02232115008	103.112933363138	67.3759160970694	4075.19870866924
ov_tcga_pan_can_atlas_2018	TCGA-04-1517-01	NA	NA	NA	NA	NA	NA	NA
ov_tcga_pan_can_atlas_2018	TCGA-04-1516-01	NA	NA	NA	NA	NA	NA	NA
ov_tcga_pan_can_atlas_2018	TCGA-04-1514-01	2572.47732543494	2273.17512291901	2797.36459938414	747.651922562237	364.774037580459	150.713239265764	3708.17385220752
ov_tcga_pan_can_atlas_2018	TCGA-04-1371-01	NA	NA	NA	NA	NA	NA	NA
ov_tcga_pan_can_atlas_2018	TCGA-04-1369-01	NA	NA	NA	NA	NA	NA	NA
ov_tcga_pan_can_atlas_2018	TCGA-04-1367-01	NA	NA	NA	NA	NA	NA	NA
ov_tcga_pan_can_atlas_2018	TCGA-04-1365-01	1903.98894256141	2339.76784493314	4430.15448815232	1827.34223100709	279.946044343586	345.978212906564	3071.55987490272
ov_tcga_pan_can_atlas_2018	TCGA-04-1364-01	2665.93350517672	1405.62637778023	12496.3439900006	2479.87766794849	353.307925853823	155.974016077115	3031.89948745673
ov_tcga_pan_can_atlas_2018	TCGA-04-1362-01	1066.71605963306	2125.14346455146	2046.50269185862	620.406913712285	10.8227600396017	204.325390276727	412.595182550091
ov_tcga_pan_can_atlas_2018	TCGA-04-1361-01	NA	NA	NA	NA	NA	NA	NA
ov_tcga_pan_can_atlas_2018	TCGA-04-1360-01	NA	NA	NA	NA	NA	NA	NA
ov_tcga_pan_can_atlas_2018	TCGA-04-1357-01	1426.80459440318	1602.63398635111	921.214110869865	305.505857295561	63.5540023227826	68.404682856773	673.875924787448
ov_tcga_pan_can_atlas_2018	TCGA-04-1356-01	NA	NA	NA	NA	NA	NA	NA
ov_tcga_pan_can_atlas_2018	TCGA-04-1353-01	NA	NA	NA	NA	NA	NA	NA
ov_tcga_pan_can_atlas_2018	TCGA-04-1351-01	NA	NA	NA	NA	NA	NA	NA
ov_tcga_pan_can_atlas_2018	TCGA-04-1350-01	NA	NA	NA	NA	NA	NA	NA
ov_tcga_pan_can_atlas_2018	TCGA-04-1349-01	NA	NA	NA	NA	NA	NA	NA
ov_tcga_pan_can_atlas_2018	TCGA-04-1348-01	1190.23081651642	2776.09201342251	8228.84222289625	3429.03694314992	287.181420155354	253.840388923181	4366.76206448074
ov_tcga_pan_can_atlas_2018	TCGA-04-1347-01	NA	NA	NA	NA	NA	NA	NA
ov_tcga_pan_can_atlas_2018	TCGA-04-1346-01	NA	NA	NA	NA	NA	NA	NA
ov_tcga_pan_can_atlas_2018	TCGA-04-1343-01	NA	NA	NA	NA	NA	NA	NA
ov_tcga_pan_can_atlas_2018	TCGA-04-1342-01	NA	NA	NA	NA	NA	NA	NA
ov_tcga_pan_can_atlas_2018	TCGA-04-1341-01	NA	NA	NA	NA	NA	NA	NA
ov_tcga_pan_can_atlas_2018	TCGA-04-1338-01	NA	NA	NA	NA	NA	NA	NA
ov_tcga_pan_can_atlas_2018	TCGA-04-1337-01	NA	NA	NA	NA	NA	NA	NA
ov_tcga_pan_can_atlas_2018	TCGA-04-1336-01	NA	NA	NA	NA	NA	NA	NA
ov_tcga_pan_can_atlas_2018	TCGA-04-1335-01	NA	NA	NA	NA	NA	NA	NA
ov_tcga_pan_can_atlas_2018	TCGA-04-1332-01	NA	NA	NA	NA	NA	NA	NA
ov_tcga_pan_can_atlas_2018	TCGA-04-1331-01	NA	NA	NA	NA	NA	NA	NA
ov_tcga_pan_can_atlas_2018	TCGA-13-0723-01	NA	NA	NA	NA	NA	NA	NA
ov_tcga_pan_can_atlas_2018	TCGA-10-0935-01	NA	NA	NA	NA	NA	NA	NA
ov_tcga_pan_can_atlas_2018	TCGA-72-4232-01	NA	NA	NA	NA	NA	NA	NA
ov_tcga_pan_can_atlas_2018	TCGA-13-0761-01	NA	NA	NA	NA	NA	NA	NA
ov_tcga_pan_can_atlas_2018	TCGA-13-0891-01	NA	NA	NA	NA	NA	NA	NA
ov_tcga_pan_can_atlas_2018	TCGA-13-0757-01	NA	NA	NA	NA	NA	NA	NA
ov_tcga_pan_can_atlas_2018	TCGA-13-0911-01	NA	NA	NA	NA	NA	NA	NA
ov_tcga_pan_can_atlas_2018	TCGA-13-0905-01	NA	NA	NA	NA	NA	NA	NA
ov_tcga_pan_can_atlas_2018	TCGA-10-0928-01	682.943530860727	1560.33607308108	3756.80703120805	936.72621782185	8.60817695611645	63.5986567825596	8030.56975417284
ov_tcga_pan_can_atlas_2018	TCGA-72-4233-01	NA	NA	NA	NA	NA	NA	NA
ov_tcga_pan_can_atlas_2018	TCGA-13-0765-01	NA	NA	NA	NA	NA	NA	NA
ov_tcga_pan_can_atlas_2018	TCGA-13-0800-01	3427.45664441121	1226.00374139106	2251.8555292242	551.860814936916	315.828848265553	85.9633030112845	5150.7810652057
ov_tcga_pan_can_atlas_2018	TCGA-24-0966-01	NA	NA	NA	NA	NA	NA	NA
ov_tcga_pan_can_atlas_2018	TCGA-10-0930-01	NA	NA	NA	NA	NA	NA	NA
ov_tcga_pan_can_atlas_2018	TCGA-20-0996-01	NA	NA	NA	NA	NA	NA	NA
ov_tcga_pan_can_atlas_2018	TCGA-09-0369-01	2705.73583448647	1532.76295529701	2827.87273624435	867.133032108253	179.903186037788	94.0721812841172	3095.87942845796
ov_tcga_pan_can_atlas_2018	TCGA-72-4237-01	NA	NA	NA	NA	NA	NA	NA
ov_tcga_pan_can_atlas_2018	TCGA-13-0799-01	2584.36590080971	1488.41195959789	4100.94041384531	1329.72559231737	220.216847293648	66.6226703931329	2237.60659113125
ov_tcga_pan_can_atlas_2018	TCGA-72-4231-01	NA	NA	NA	NA	NA	NA	NA
ov_tcga_pan_can_atlas_2018	TCGA-13-0921-01	NA	NA	NA	NA	NA	NA	NA
ov_tcga_pan_can_atlas_2018	TCGA-13-0755-01	NA	NA	NA	NA	NA	NA	NA
ov_tcga_pan_can_atlas_2018	TCGA-13-0887-01	NA	NA	NA	NA	NA	NA	NA
ov_tcga_pan_can_atlas_2018	TCGA-13-0797-01	NA	NA	NA	NA	NA	NA	NA
ov_tcga_pan_can_atlas_2018	TCGA-13-0760-01	NA	NA	NA	NA	NA	NA	NA
ov_tcga_pan_can_atlas_2018	TCGA-13-0883-01	NA	NA	NA	NA	NA	NA	NA
ov_tcga_pan_can_atlas_2018	TCGA-13-0758-01	NA	NA	NA	NA	NA	NA	NA
ov_tcga_pan_can_atlas_2018	TCGA-13-0724-01	NA	NA	NA	NA	NA	NA	NA
ov_tcga_pan_can_atlas_2018	TCGA-72-4240-01	NA	NA	NA	NA	NA	NA	NA
ov_tcga_pan_can_atlas_2018	TCGA-13-0904-01	NA	NA	NA	NA	NA	NA	NA
ov_tcga_pan_can_atlas_2018	TCGA-13-0923-01	NA	NA	NA	NA	NA	NA	NA
ov_tcga_pan_can_atlas_2018	TCGA-13-0720-01	NA	NA	NA	NA	NA	NA	NA
ov_tcga_pan_can_atlas_2018	TCGA-09-0364-01	2547.40263427602	1998.45944821529	3335.23914069994	1296.58235191293	304.22744318521	232.477139812859	2737.28196676908
ov_tcga_pan_can_atlas_2018	TCGA-13-0725-01	NA	NA	NA	NA	NA	NA	NA
ov_tcga_pan_can_atlas_2018	TCGA-13-0900-01	NA	NA	NA	NA	NA	NA	NA
ov_tcga_pan_can_atlas_2018	TCGA-13-0910-01	NA	NA	NA	NA	NA	NA	NA
ov_tcga_pan_can_atlas_2018	TCGA-13-0893-01	1323.60022645765	1575.03879241189	6065.81232165644	1457.99918449022	148.752830884017	228.989584004609	3328.74856127738
ov_tcga_pan_can_atlas_2018	TCGA-10-0938-01	NA	NA	NA	NA	NA	NA	NA
ov_tcga_pan_can_atlas_2018	TCGA-13-0897-01	933.684897405386	1169.84200268596	2349.22575050353	808.170717627171	6.07743961205981	60.2044065696551	335.547966497154
ov_tcga_pan_can_atlas_2018	TCGA-13-0793-01	NA	NA	NA	NA	NA	NA	NA
ov_tcga_pan_can_atlas_2018	TCGA-20-0990-01	NA	NA	NA	NA	NA	NA	NA
ov_tcga_pan_can_atlas_2018	TCGA-09-0366-01	2160.23653827918	1603.06447137657	774.562206474439	346.915859961797	117.041572034671	57.1745872775936	1831.42016498269
ov_tcga_pan_can_atlas_2018	TCGA-13-0764-01	NA	NA	NA	NA	NA	NA	NA
ov_tcga_pan_can_atlas_2018	TCGA-24-0980-01	NA	NA	NA	NA	NA	NA	NA
ov_tcga_pan_can_atlas_2018	TCGA-13-0717-01	NA	NA	NA	NA	NA	NA	NA
ov_tcga_pan_can_atlas_2018	TCGA-72-4235-01	NA	NA	NA	NA	NA	NA	NA
ov_tcga_pan_can_atlas_2018	TCGA-10-0934-01	NA	NA	NA	NA	NA	NA	NA
ov_tcga_pan_can_atlas_2018	TCGA-13-0888-01	NA	NA	NA	NA	NA	NA	NA
ov_tcga_pan_can_atlas_2018	TCGA-13-0801-01	1987.63039356563	1422.79058841043	2295.34436368722	836.130768842582	38.7491873190055	108.679275908351	621.266403337976
ov_tcga_pan_can_atlas_2018	TCGA-13-0730-01	1688.99647780833	2683.86887527764	4277.16412610526	1893.31306190735	213.330979312288	91.3053593634698	289.436202699632
ov_tcga_pan_can_atlas_2018	TCGA-13-0886-01	NA	NA	NA	NA	NA	NA	NA
ov_tcga_pan_can_atlas_2018	TCGA-13-0901-01	NA	NA	NA	NA	NA	NA	NA
ov_tcga_pan_can_atlas_2018	TCGA-13-0916-01	758.61120789623	1609.85288908561	1135.65543512517	1431.07098194159	10.8193777057591	237.535547155193	327.802289328478
ov_tcga_pan_can_atlas_2018	TCGA-13-0807-01	NA	NA	NA	NA	NA	NA	NA
ov_tcga_pan_can_atlas_2018	TCGA-20-0991-01	NA	NA	NA	NA	NA	NA	NA
ov_tcga_pan_can_atlas_2018	TCGA-13-0762-01	NA	NA	NA	NA	NA	NA	NA
ov_tcga_pan_can_atlas_2018	TCGA-13-0908-01	NA	NA	NA	NA	NA	NA	NA
ov_tcga_pan_can_atlas_2018	TCGA-24-0975-01	645.485646359025	1870.57228142336	3248.68117100356	1092.97727637748	213.434328401925	15.5347467549195	2731.32240722568
ov_tcga_pan_can_atlas_2018	TCGA-09-0367-01	634.297964607095	1340.14850160125	1015.90125493106	446.856063268702	5.51127450828474	33.5562456006521	3290.16457004848
ov_tcga_pan_can_atlas_2018	TCGA-24-0970-01	NA	NA	NA	NA	NA	NA	NA
ov_tcga_pan_can_atlas_2018	TCGA-13-0792-01	NA	NA	NA	NA	NA	NA	NA
ov_tcga_pan_can_atlas_2018	TCGA-13-0726-01	NA	NA	NA	NA	NA	NA	NA
ov_tcga_pan_can_atlas_2018	TCGA-24-0979-01	NA	NA	NA	NA	NA	NA	NA
ov_tcga_pan_can_atlas_2018	TCGA-13-0906-01	NA	NA	NA	NA	NA	NA	NA
ov_tcga_pan_can_atlas_2018	TCGA-72-4241-01	NA	NA	NA	NA	NA	NA	NA
ov_tcga_pan_can_atlas_2018	TCGA-13-0889-01	NA	NA	NA	NA	NA	NA	NA
ov_tcga_pan_can_atlas_2018	TCGA-13-0899-01	1501.00837969477	1348.15110784362	2582.24875850975	658.860691717161	251.476188760127	52.9668781498896	419.709023890524
ov_tcga_pan_can_atlas_2018	TCGA-10-0925-01	NA	NA	NA	NA	NA	NA	NA
ov_tcga_pan_can_atlas_2018	TCGA-13-0805-01	NA	NA	NA	NA	NA	NA	NA
ov_tcga_pan_can_atlas_2018	TCGA-13-0803-01	NA	NA	NA	NA	NA	NA	NA
ov_tcga_pan_can_atlas_2018	TCGA-13-0913-01	826.268513669423	1921.71169483153	2044.7339593908	886.683734379009	298.176823755553	28.3889402612607	4988.39400663385
ov_tcga_pan_can_atlas_2018	TCGA-10-0936-01	1247.98799986699	1294.41774620518	1900.87705200808	901.231929822218	321.40406188288	39.9507061300284	3413.47757082106
ov_tcga_pan_can_atlas_2018	TCGA-13-0884-01	NA	NA	NA	NA	NA	NA	NA
ov_tcga_pan_can_atlas_2018	TCGA-10-0937-01	NA	NA	NA	NA	NA	NA	NA
ov_tcga_pan_can_atlas_2018	TCGA-13-0794-01	NA	NA	NA	NA	NA	NA	NA
ov_tcga_pan_can_atlas_2018	TCGA-10-0926-01	NA	NA	NA	NA	NA	NA	NA
ov_tcga_pan_can_atlas_2018	TCGA-13-0768-01	NA	NA	NA	NA	NA	NA	NA
ov_tcga_pan_can_atlas_2018	TCGA-10-0933-01	NA	NA	NA	NA	NA	NA	NA
ov_tcga_pan_can_atlas_2018	TCGA-13-0919-01	NA	NA	NA	NA	NA	NA	NA
ov_tcga_pan_can_atlas_2018	TCGA-13-0727-01	NA	NA	NA	NA	NA	NA	NA
ov_tcga_pan_can_atlas_2018	TCGA-72-4234-01	NA	NA	NA	NA	NA	NA	NA
ov_tcga_pan_can_atlas_2018	TCGA-24-0968-01	NA	NA	NA	NA	NA	NA	NA
ov_tcga_pan_can_atlas_2018	TCGA-13-0714-01	NA	NA	NA	NA	NA	NA	NA
ov_tcga_pan_can_atlas_2018	TCGA-13-0920-01	2275.19640053186	2583.52171203706	4150.6248083651	897.217733743021	105.937182121764	155.462286723087	732.951699609346
ov_tcga_pan_can_atlas_2018	TCGA-13-0890-01	664.657083159739	1669.56888877009	2683.40626569475	832.780526019433	300.117907566372	35.8654968817248	2934.20121617541
ov_tcga_pan_can_atlas_2018	TCGA-10-0927-01	NA	NA	NA	NA	NA	NA	NA
ov_tcga_pan_can_atlas_2018	TCGA-13-0894-01	NA	NA	NA	NA	NA	NA	NA
ov_tcga_pan_can_atlas_2018	TCGA-13-0751-01	NA	NA	NA	NA	NA	NA	NA
ov_tcga_pan_can_atlas_2018	TCGA-13-0802-01	NA	NA	NA	NA	NA	NA	NA
ov_tcga_pan_can_atlas_2018	TCGA-13-0903-01	NA	NA	NA	NA	NA	NA	NA
ov_tcga_pan_can_atlas_2018	TCGA-13-0912-01	NA	NA	NA	NA	NA	NA	NA
ov_tcga_pan_can_atlas_2018	TCGA-13-0804-01	NA	NA	NA	NA	NA	NA	NA
ov_tcga_pan_can_atlas_2018	TCGA-13-0885-01	NA	NA	NA	NA	NA	NA	NA
ov_tcga_pan_can_atlas_2018	TCGA-09-0365-01	NA	NA	NA	NA	NA	NA	NA
ov_tcga_pan_can_atlas_2018	TCGA-72-4236-01	NA	NA	NA	NA	NA	NA	NA
ov_tcga_pan_can_atlas_2018	TCGA-13-0795-01	NA	NA	NA	NA	NA	NA	NA
ov_tcga_pan_can_atlas_2018	TCGA-10-0931-01	NA	NA	NA	NA	NA	NA	NA
ov_tcga_pan_can_atlas_2018	TCGA-20-0987-01	NA	NA	NA	NA	NA	NA	NA
ov_tcga_pan_can_atlas_2018	TCGA-13-0766-01	NA	NA	NA	NA	NA	NA	NA
ov_tcga_pan_can_atlas_2018	TCGA-13-0791-01	NA	NA	NA	NA	NA	NA	NA
ov_tcga_pan_can_atlas_2018	TCGA-24-0982-01	NA	NA	NA	NA	NA	NA	NA
ov_tcga_pan_can_atlas_2018	TCGA-13-0924-01	1078.67450256833	1297.98304526212	3971.66305827361	1295.55921082984	260.922295552949	25.8492034251076	2509.68980077005
ov_tcga_pan_can_atlas_2018	TCGA-72-4238-01	NA	NA	NA	NA	NA	NA	NA
ov_tcga_pan_can_atlas_2018	TCGA-WR-A838-01	4521.8488040503	2110.9595348667	2124.1970135383	715.258622802745	321.065828498613	280.754698919263	3338.85618429152
ov_tcga_pan_can_atlas_2018	TCGA-VG-A8LO-01	3059.50967259765	2474.17851557229	1659.80980876686	259.514577162582	139.141365547776	155.568447756013	2325.53853575994
ov_tcga_pan_can_atlas_2018	TCGA-OY-A56Q-01	4338.95105677352	2227.95211909142	1305.2938666151	116.876737251889	187.158292130306	87.7149600545721	419.500745598111
ov_tcga_pan_can_atlas_2018	TCGA-OY-A56P-01	4195.82236853957	1292.64061571549	1987.87470661172	334.210406916115	621.691418583441	227.171576315742	3536.7993227824
ov_tcga_pan_can_atlas_2018	TCGA-61-2614-01	NA	NA	NA	NA	NA	NA	NA
ov_tcga_pan_can_atlas_2018	TCGA-61-2613-01	NA	NA	NA	NA	NA	NA	NA
ov_tcga_pan_can_atlas_2018	TCGA-61-2612-01	NA	NA	NA	NA	NA	NA	NA
ov_tcga_pan_can_atlas_2018	TCGA-61-2611-02	NA	NA	NA	NA	NA	NA	NA
ov_tcga_pan_can_atlas_2018	TCGA-61-2610-02	NA	NA	NA	NA	NA	NA	NA
ov_tcga_pan_can_atlas_2018	TCGA-61-2113-01	2705.44749217328	1109.02219524392	3651.44253888772	1144.53705627759	488.134329582721	122.711608065255	3004.34199406146
ov_tcga_pan_can_atlas_2018	TCGA-61-2111-01	2527.76208671192	2354.84585890153	2731.1520494871	904.569111269838	223.329533966078	167.648412166754	2152.07247222193
ov_tcga_pan_can_atlas_2018	TCGA-61-2110-01	2424.18065574144	1844.34580910353	1446.79246404073	406.11763299424	198.678897013296	225.449777062965	3518.28180737293
ov_tcga_pan_can_atlas_2018	TCGA-61-2109-01	1474.34780581329	1279.53841763315	2568.60853354605	323.928927478994	102.973881860717	155.638115933871	546.485745173058
ov_tcga_pan_can_atlas_2018	TCGA-61-2104-01	2166.19191605554	1024.60628936833	1316.77563839773	336.065122241211	121.944077032179	101.644448710829	3464.64577148228
ov_tcga_pan_can_atlas_2018	TCGA-61-2102-01	3162.88039187772	1647.22781975689	3924.45688777653	967.559771653606	429.892419886377	203.281196991926	1894.64750375084
ov_tcga_pan_can_atlas_2018	TCGA-61-2101-01	1701.39519727568	1788.559365036	1649.58713467319	501.109751871635	131.85337565401	80.9005828769871	322.60145785029
ov_tcga_pan_can_atlas_2018	TCGA-61-2098-01	3497.76780847468	2654.77250278812	3858.84390820756	643.264320887761	576.132321259915	234.675004947665	2710.70460651457
ov_tcga_pan_can_atlas_2018	TCGA-61-2097-01	1911.29731119199	1231.19163785163	980.767432989763	374.456858712324	99.9946094676362	59.5079736059957	1188.7416138694
ov_tcga_pan_can_atlas_2018	TCGA-61-2096-01	NA	NA	NA	NA	NA	NA	NA
ov_tcga_pan_can_atlas_2018	TCGA-61-2095-01	2831.14256054795	2010.93247587581	637.475447379564	227.828768577569	312.117676410406	122.661845081071	2103.78341266171
ov_tcga_pan_can_atlas_2018	TCGA-61-2094-01	2348.54624897284	1293.78857578336	2688.39269225657	641.398721083058	136.771852783553	163.159790993329	2257.24425870159
ov_tcga_pan_can_atlas_2018	TCGA-61-2092-01	1474.18145447876	1333.23866503887	1170.44050699231	501.598465006006	269.459869894144	102.832125266695	5541.88919312623
ov_tcga_pan_can_atlas_2018	TCGA-61-2088-01	6511.43294526727	2108.04548238672	1358.13599819609	346.335717198724	221.293556900229	44.1607375303277	1825.95067200967
ov_tcga_pan_can_atlas_2018	TCGA-61-2087-01	NA	NA	NA	NA	NA	NA	NA
ov_tcga_pan_can_atlas_2018	TCGA-61-2018-01	NA	NA	NA	NA	NA	NA	NA
ov_tcga_pan_can_atlas_2018	TCGA-61-2017-01	NA	NA	NA	NA	NA	NA	NA
ov_tcga_pan_can_atlas_2018	TCGA-61-2016-01	2989.1541481783	1557.01361173079	1111.29289412774	377.311857713337	161.238340449346	44.6968507466066	327.808415160608
ov_tcga_pan_can_atlas_2018	TCGA-61-2012-01	1190.92949212147	1425.66048858011	3834.61127411454	1093.96776402175	276.558073277849	140.596424581095	9474.1746026893
ov_tcga_pan_can_atlas_2018	TCGA-61-2009-01	1859.4511452619	2222.36685183812	1434.01162321393	1020.32119810237	145.210775721004	60.534418093104	2903.86084475546
ov_tcga_pan_can_atlas_2018	TCGA-61-2008-01	1365.68711409501	1631.6972446079	1239.80080111175	693.209932462097	179.177863335972	70.6427730704621	514.341753750324
ov_tcga_pan_can_atlas_2018	TCGA-61-2003-01	1996.801897143	2016.82680930123	2130.93218689034	625.09594752714	179.4390546716	104.975251118899	3070.56223938444
ov_tcga_pan_can_atlas_2018	TCGA-61-2002-01	1171.99871025138	2297.81211206795	1565.31752506229	312.721178827286	227.290622710711	87.2330884910541	603.588126930291
ov_tcga_pan_can_atlas_2018	TCGA-61-2000-01	2549.55411153601	1306.83558347782	2466.26187854371	868.623117366501	387.519293135206	171.082887458541	4270.55149528809
ov_tcga_pan_can_atlas_2018	TCGA-61-1998-01	1652.9093283032	2167.69525360574	2972.16932853432	812.900024016573	142.208954435638	137.316214540279	3591.71303223155
ov_tcga_pan_can_atlas_2018	TCGA-61-1995-01	2634.98106686424	1898.41031306925	2815.56155884121	746.038842684425	372.381470114921	119.881753031308	2718.93947513476
ov_tcga_pan_can_atlas_2018	TCGA-61-1919-01	1754.30601174679	2579.33828063587	2421.83371723337	784.040914785594	298.469019818072	105.506056283531	3249.83034106822
ov_tcga_pan_can_atlas_2018	TCGA-61-1918-01	2609.06352894368	1898.58692231046	1207.25412513609	373.040787915405	91.7903829173795	31.6262711973707	2199.51266647274
ov_tcga_pan_can_atlas_2018	TCGA-61-1917-01	1908.80204117396	2333.95077805075	3779.04109754082	1209.21263410458	195.146237222068	55.9421240359623	933.058131960915
ov_tcga_pan_can_atlas_2018	TCGA-61-1915-01	NA	NA	NA	NA	NA	NA	NA
ov_tcga_pan_can_atlas_2018	TCGA-61-1914-01	2223.09516255549	2459.54202470693	1277.49378907004	1097.47256645532	88.9701741686215	39.479616546417	1976.66364477991
ov_tcga_pan_can_atlas_2018	TCGA-61-1913-01	NA	NA	NA	NA	NA	NA	NA
ov_tcga_pan_can_atlas_2018	TCGA-61-1911-01	NA	NA	NA	NA	NA	NA	NA
ov_tcga_pan_can_atlas_2018	TCGA-61-1910-01	3345.36780586266	3356.36375157643	1426.44704424139	430.625127278193	11.7518683554384	80.0405126336684	637.171688903526
ov_tcga_pan_can_atlas_2018	TCGA-61-1907-01	2496.57675653109	1815.12801776068	1032.88908089317	803.519779490943	86.827371725575	52.6781699033136	432.161965491501
ov_tcga_pan_can_atlas_2018	TCGA-61-1906-01	NA	NA	NA	NA	NA	NA	NA
ov_tcga_pan_can_atlas_2018	TCGA-61-1904-01	NA	NA	NA	NA	NA	NA	NA
ov_tcga_pan_can_atlas_2018	TCGA-61-1903-01	NA	NA	NA	NA	NA	NA	NA
ov_tcga_pan_can_atlas_2018	TCGA-61-1901-01	NA	NA	NA	NA	NA	NA	NA
ov_tcga_pan_can_atlas_2018	TCGA-61-1900-01	2663.50477569251	1279.46115109012	4384.32732940981	931.133772199584	157.307316894425	249.127834320928	537.789688905391
ov_tcga_pan_can_atlas_2018	TCGA-61-1899-01	NA	NA	NA	NA	NA	NA	NA
ov_tcga_pan_can_atlas_2018	TCGA-61-1895-01	NA	NA	NA	NA	NA	NA	NA
ov_tcga_pan_can_atlas_2018	TCGA-61-1743-01	3052.29002467883	1103.72171039207	1991.34222167575	682.810900645216	205.360885426918	130.171079394483	306.455514593927
ov_tcga_pan_can_atlas_2018	TCGA-61-1741-01	2280.68599457152	1752.64146060471	4769.31143706656	666.218599931742	517.232735538609	212.616732824902	5777.9700122194
ov_tcga_pan_can_atlas_2018	TCGA-61-1740-01	1939.64357859676	1298.14861642576	3615.18851971681	1115.14896133769	163.146540458916	200.712597624946	7649.65676115402
ov_tcga_pan_can_atlas_2018	TCGA-61-1738-01	2320.10017076735	1917.00947378428	2190.32962072494	657.726528942073	96.1941815805301	112.983774040293	3390.57570984442
ov_tcga_pan_can_atlas_2018	TCGA-61-1737-01	2262.8753116873	1420.58297289529	2625.2179653551	1042.68989214347	662.181712828862	38.6723780046406	630.372890358339
ov_tcga_pan_can_atlas_2018	TCGA-61-1736-01	1726.74714065882	2117.69276218787	4920.00344618933	1170.37681086548	312.852394484007	308.469363577643	2962.04749879967
ov_tcga_pan_can_atlas_2018	TCGA-61-1734-01	NA	NA	NA	NA	NA	NA	NA
ov_tcga_pan_can_atlas_2018	TCGA-61-1733-01	3630.41636263292	2003.65838275344	1676.47786388734	563.599726193464	174.078055530975	90.791141860232	399.714307818904
ov_tcga_pan_can_atlas_2018	TCGA-61-1730-01	NA	NA	NA	NA	NA	NA	NA
ov_tcga_pan_can_atlas_2018	TCGA-61-1728-01	2319.76746809828	1919.01840390306	1882.5202071302	1562.51195768018	150.051271264729	111.057117169291	3577.45734574666
ov_tcga_pan_can_atlas_2018	TCGA-61-1727-01	NA	NA	NA	NA	NA	NA	NA
ov_tcga_pan_can_atlas_2018	TCGA-61-1725-01	1826.41377022324	2285.8468359759	1696.07382077658	936.815470554631	177.887878789867	59.9076533073026	5188.64745895653
ov_tcga_pan_can_atlas_2018	TCGA-61-1724-01	1724.55130304296	1217.28366010627	1808.61317135619	840.468233966119	9.74229228430578	93.6657835799454	218.726597544396
ov_tcga_pan_can_atlas_2018	TCGA-61-1722-01	NA	NA	NA	NA	NA	NA	NA
ov_tcga_pan_can_atlas_2018	TCGA-61-1721-01	1529.79825065831	1715.20030146798	91.7268488735534	58.9770745148756	69.0483217890392	19.9967447318053	1885.7737983514
ov_tcga_pan_can_atlas_2018	TCGA-5X-AA5U-01	4688.76573312276	2244.79622547192	3221.19087146133	570.31436166325	722.636232580616	541.133707982158	415.056016828514
ov_tcga_pan_can_atlas_2018	TCGA-59-A5PD-01	2112.57133589041	1872.86820155911	7075.42879710139	1935.52307382473	588.138666864199	398.932663143224	229.789850370788
ov_tcga_pan_can_atlas_2018	TCGA-59-2372-01	NA	NA	NA	NA	NA	NA	NA
ov_tcga_pan_can_atlas_2018	TCGA-59-2363-01	2643.8309578615	2578.2786251886	3771.7063538607	1037.58398275966	9.57364536076176	218.360210582841	3321.26629489028
ov_tcga_pan_can_atlas_2018	TCGA-59-2355-01	1576.54297566265	1487.59514185729	1245.31684813003	434.362857575364	81.6992838515047	62.4709446226363	449.25566249023
ov_tcga_pan_can_atlas_2018	TCGA-59-2354-01	1337.88426104972	1735.70904960361	1433.03232501141	565.208452279433	113.650782357398	79.4264374088341	2802.56583489508
ov_tcga_pan_can_atlas_2018	TCGA-59-2352-01	1017.95959248973	2278.05395320746	1348.74272972291	365.374848927935	156.224030527594	48.2369894414782	3863.4199407538
ov_tcga_pan_can_atlas_2018	TCGA-59-2351-01	907.390296459882	1557.64278215261	2649.46059228692	1066.21451791888	288.125655019765	118.524052946146	557.016925723035
ov_tcga_pan_can_atlas_2018	TCGA-59-2350-01	1762.93410096467	2129.21651517689	3852.39852718075	1484.80765776317	288.596363146203	183.740931868889	2520.27873916582
ov_tcga_pan_can_atlas_2018	TCGA-59-2349-01	NA	NA	NA	NA	NA	NA	NA
ov_tcga_pan_can_atlas_2018	TCGA-59-2348-01	1452.2341684091	1332.81921809099	2684.09577157204	2029.7173603469	65.8881884890932	172.302909954126	2216.12242273322
ov_tcga_pan_can_atlas_2018	TCGA-57-1994-01	1840.65344445944	1459.69088174595	2839.20461544496	843.144727501571	413.040881052475	222.419211326141	640.932949831213
ov_tcga_pan_can_atlas_2018	TCGA-57-1993-01	987.136908218184	1811.70621371222	5076.46132330042	1691.52569446633	486.755089004656	206.660103618041	1973.25068116474
ov_tcga_pan_can_atlas_2018	TCGA-57-1992-01	NA	NA	NA	NA	NA	NA	NA
ov_tcga_pan_can_atlas_2018	TCGA-57-1586-01	NA	NA	NA	NA	NA	NA	NA
ov_tcga_pan_can_atlas_2018	TCGA-57-1585-01	1338.51639612095	1661.19098789014	1787.91800219882	492.829928234309	105.158305800772	102.108903229883	3015.40349665009
ov_tcga_pan_can_atlas_2018	TCGA-57-1584-01	1205.6238600054	1877.38277528756	1076.68769335903	375.711839211054	117.137404826879	14.9695221928927	2964.38406619774
ov_tcga_pan_can_atlas_2018	TCGA-57-1583-01	2710.69310425562	1994.56300683107	3116.28604972587	774.902305707247	245.407718124078	160.932897451081	477.031935604428
ov_tcga_pan_can_atlas_2018	TCGA-57-1582-01	1035.24460515682	2120.66200505573	4044.51085313468	1475.52319665808	174.254688520537	294.028145567357	4116.90687428432
ov_tcga_pan_can_atlas_2018	TCGA-42-2593-01	NA	NA	NA	NA	NA	NA	NA
ov_tcga_pan_can_atlas_2018	TCGA-42-2591-01	NA	NA	NA	NA	NA	NA	NA
ov_tcga_pan_can_atlas_2018	TCGA-42-2590-01	NA	NA	NA	NA	NA	NA	NA
ov_tcga_pan_can_atlas_2018	TCGA-42-2589-01	NA	NA	NA	NA	NA	NA	NA
ov_tcga_pan_can_atlas_2018	TCGA-42-2588-01	NA	NA	NA	NA	NA	NA	NA
ov_tcga_pan_can_atlas_2018	TCGA-42-2587-01	NA	NA	NA	NA	NA	NA	NA
ov_tcga_pan_can_atlas_2018	TCGA-42-2582-01	NA	NA	NA	NA	NA	NA	NA
ov_tcga_pan_can_atlas_2018	TCGA-3P-A9WA-01	2845.33787442828	852.347154529899	2437.25266750369	1021.8809440301	750.846775902804	268.522128023691	3602.06568853088
ov_tcga_pan_can_atlas_2018	TCGA-36-2552-01	NA	NA	NA	NA	NA	NA	NA
ov_tcga_pan_can_atlas_2018	TCGA-36-2551-01	NA	NA	NA	NA	NA	NA	NA
ov_tcga_pan_can_atlas_2018	TCGA-36-2549-01	NA	NA	NA	NA	NA	NA	NA
ov_tcga_pan_can_atlas_2018	TCGA-36-2548-01	NA	NA	NA	NA	NA	NA	NA
ov_tcga_pan_can_atlas_2018	TCGA-36-2547-01	NA	NA	NA	NA	NA	NA	NA
ov_tcga_pan_can_atlas_2018	TCGA-36-2545-01	NA	NA	NA	NA	NA	NA	NA
ov_tcga_pan_can_atlas_2018	TCGA-36-2544-01	NA	NA	NA	NA	NA	NA	NA
ov_tcga_pan_can_atlas_2018	TCGA-36-2543-01	NA	NA	NA	NA	NA	NA	NA
ov_tcga_pan_can_atlas_2018	TCGA-36-2542-01	NA	NA	NA	NA	NA	NA	NA
ov_tcga_pan_can_atlas_2018	TCGA-36-2540-01	NA	NA	NA	NA	NA	NA	NA
ov_tcga_pan_can_atlas_2018	TCGA-36-2538-01	NA	NA	NA	NA	NA	NA	NA
ov_tcga_pan_can_atlas_2018	TCGA-36-2537-01	NA	NA	NA	NA	NA	NA	NA
ov_tcga_pan_can_atlas_2018	TCGA-36-2534-01	NA	NA	NA	NA	NA	NA	NA
ov_tcga_pan_can_atlas_2018	TCGA-36-2533-01	NA	NA	NA	NA	NA	NA	NA
ov_tcga_pan_can_atlas_2018	TCGA-36-2532-01	NA	NA	NA	NA	NA	NA	NA
ov_tcga_pan_can_atlas_2018	TCGA-36-2530-01	NA	NA	NA	NA	NA	NA	NA
ov_tcga_pan_can_atlas_2018	TCGA-36-2529-01	NA	NA	NA	NA	NA	NA	NA
ov_tcga_pan_can_atlas_2018	TCGA-36-1581-01	2396.59960447553	1569.5859820895	4120.48640654054	1627.92768012047	748.958306173982	283.660857195627	3696.61353185974
ov_tcga_pan_can_atlas_2018	TCGA-36-1580-01	1542.9289159976	1710.98375583407	847.374027115828	352.777152230366	107.538153473959	80.5464363062088	5264.45025596825
ov_tcga_pan_can_atlas_2018	TCGA-36-1578-01	1378.19673445204	1422.48152223831	747.231792353035	465.135458321318	181.492882943841	46.820071405137	5998.3336963053
ov_tcga_pan_can_atlas_2018	TCGA-36-1577-01	2998.89124629308	2410.49984603815	4091.66705943775	1014.75705212708	96.2280049189567	309.001827508415	664.144602889846
ov_tcga_pan_can_atlas_2018	TCGA-36-1576-01	1504.83446038908	1998.48152437044	4608.32680397851	1368.3219570051	270.810924356853	139.650098498523	1361.50758230686
ov_tcga_pan_can_atlas_2018	TCGA-36-1575-01	11358.1345273904	4486.53043839598	1455.47624095901	408.750588611263	259.935781515505	205.452521868501	3514.57130334004
ov_tcga_pan_can_atlas_2018	TCGA-36-1574-01	2011.01939120126	1132.79821434195	2409.59248970185	909.846995431452	641.226275599192	105.350132266421	2021.81102757642
ov_tcga_pan_can_atlas_2018	TCGA-36-1571-01	2118.99249740346	2038.24067979807	4727.42145681174	564.430211987506	380.21251249787	160.219628011106	3195.27543035811
ov_tcga_pan_can_atlas_2018	TCGA-36-1570-01	1038.26887241867	2906.18679572957	2301.99959432885	873.773653116708	183.243240707421	151.512764544992	224.583768179346
ov_tcga_pan_can_atlas_2018	TCGA-36-1569-01	848.257942077162	1952.64038819861	976.361590362293	396.142007434086	191.889801361324	28.6610608464418	1452.13489307266
ov_tcga_pan_can_atlas_2018	TCGA-36-1568-01	2050.68863944338	1736.01811577573	733.354737109747	249.920996836647	22.4867382960339	70.776469621304	1791.75977753671
ov_tcga_pan_can_atlas_2018	TCGA-31-1959-01	1562.45856267202	1976.94623502027	2308.00529044839	986.024202859548	13.3747309238929	89.801687858034	2753.8217135195
ov_tcga_pan_can_atlas_2018	TCGA-31-1956-01	1535.98652030301	1347.22390932727	1566.68654397806	525.928542272358	92.3405758891198	102.861983057205	2441.42177727796
ov_tcga_pan_can_atlas_2018	TCGA-31-1955-01	NA	NA	NA	NA	NA	NA	NA
ov_tcga_pan_can_atlas_2018	TCGA-31-1953-01	1826.66884226953	1507.82793805353	3238.22866161746	668.361753966433	305.969345114183	93.6475371524112	965.341267284884
ov_tcga_pan_can_atlas_2018	TCGA-31-1951-01	2273.18909442847	2085.82583222686	2909.09453002086	1159.3181795844	218.79532754255	178.309302145171	2693.21098018966
ov_tcga_pan_can_atlas_2018	TCGA-31-1950-01	1044.66896276268	1553.32689382051	5187.66163348066	1308.42466572575	526.767158826211	136.698324153324	6235.88471510961
ov_tcga_pan_can_atlas_2018	TCGA-31-1946-01	1083.00296429293	1804.84052946014	1592.26821130925	622.059177716684	29.8070482687406	151.839541474469	516.771958868096
ov_tcga_pan_can_atlas_2018	TCGA-31-1944-01	1916.96434665515	2160.12313238882	1799.52968088586	1760.71833133038	168.748061117242	107.972641532933	561.87383548308
ov_tcga_pan_can_atlas_2018	TCGA-30-1892-01	NA	NA	NA	NA	NA	NA	NA
ov_tcga_pan_can_atlas_2018	TCGA-30-1891-01	1379.52754512832	1764.38597514525	1453.23784506753	811.806133816033	20.2193532231159	23.5497388642578	2907.88639158361
ov_tcga_pan_can_atlas_2018	TCGA-30-1887-01	NA	NA	NA	NA	NA	NA	NA
ov_tcga_pan_can_atlas_2018	TCGA-30-1880-01	NA	NA	NA	NA	NA	NA	NA
ov_tcga_pan_can_atlas_2018	TCGA-30-1867-01	NA	NA	NA	NA	NA	NA	NA
ov_tcga_pan_can_atlas_2018	TCGA-30-1866-01	NA	NA	NA	NA	NA	NA	NA
ov_tcga_pan_can_atlas_2018	TCGA-30-1862-01	2330.40286341956	1724.29567739035	512.989658013059	357.284415235778	167.052196510016	39.4774601504357	550.130615290281
ov_tcga_pan_can_atlas_2018	TCGA-30-1861-01	823.026880663784	1137.1803311395	2391.93514354005	1216.08074073683	19.1575822576724	50.3630300024457	451.954529102838
ov_tcga_pan_can_atlas_2018	TCGA-30-1860-01	1949.83537035927	1554.54108235384	3176.41296079296	1769.28441678138	21.2486162021826	73.9323551399657	2687.1814111362
ov_tcga_pan_can_atlas_2018	TCGA-30-1859-01	NA	NA	NA	NA	NA	NA	NA
ov_tcga_pan_can_atlas_2018	TCGA-30-1857-01	1264.66749367637	1498.01508708874	1870.65870747312	471.446279597671	66.7531264156371	60.0298214334751	2618.36206275244
ov_tcga_pan_can_atlas_2018	TCGA-30-1856-01	NA	NA	NA	NA	NA	NA	NA
ov_tcga_pan_can_atlas_2018	TCGA-30-1855-01	1566.81696763684	1453.79654832053	3890.67109978952	830.489343062082	262.628495069138	275.197002968946	536.900568127696
ov_tcga_pan_can_atlas_2018	TCGA-30-1853-01	NA	NA	NA	NA	NA	NA	NA
ov_tcga_pan_can_atlas_2018	TCGA-30-1718-01	1683.76195581497	2957.75669416318	3759.76491149322	1637.4298308177	78.4582564004883	273.342502425011	476.316088364119
ov_tcga_pan_can_atlas_2018	TCGA-30-1714-01	NA	NA	NA	NA	NA	NA	NA
ov_tcga_pan_can_atlas_2018	TCGA-29-A5NZ-01	3738.1122166109	2751.11284386873	2991.20568645069	509.703048521653	400.284784779733	349.407711899932	3984.31761342949
ov_tcga_pan_can_atlas_2018	TCGA-29-2436-01	NA	NA	NA	NA	NA	NA	NA
ov_tcga_pan_can_atlas_2018	TCGA-29-2434-01	NA	NA	NA	NA	NA	NA	NA
ov_tcga_pan_can_atlas_2018	TCGA-29-2432-01	NA	NA	NA	NA	NA	NA	NA
ov_tcga_pan_can_atlas_2018	TCGA-29-2431-01	NA	NA	NA	NA	NA	NA	NA
ov_tcga_pan_can_atlas_2018	TCGA-29-2429-01	NA	NA	NA	NA	NA	NA	NA
ov_tcga_pan_can_atlas_2018	TCGA-29-2428-01	1381.34631971924	2134.17261200837	1723.48417760839	864.612186631185	163.488531991897	107.441006985231	2792.48446544721
ov_tcga_pan_can_atlas_2018	TCGA-29-2427-01	1303.87095818179	902.727148200854	1639.66424574355	503.548963751647	41.1280954550136	68.0962352931372	1737.23987158162
ov_tcga_pan_can_atlas_2018	TCGA-29-2425-01	1768.36824455948	1695.83951340022	1855.42962114003	434.200678829214	77.3231075814026	85.2176876315896	3232.40672425336
ov_tcga_pan_can_atlas_2018	TCGA-29-1785-01	1569.57839979012	1909.91198990312	3828.34576418616	760.834115814723	137.621194392933	128.56290562226	630.296755016155
ov_tcga_pan_can_atlas_2018	TCGA-29-1784-01	1788.5411163941	1917.93667230064	1862.56450804411	1435.87103744844	178.124642158853	52.594651028191	2493.97266576277
ov_tcga_pan_can_atlas_2018	TCGA-29-1783-01	1533.8794033989	1684.79039774696	1281.12118955489	378.969563957539	86.3233100292999	65.9177777221623	395.121683959316
ov_tcga_pan_can_atlas_2018	TCGA-29-1781-01	3466.44939722622	2353.20118534275	4384.02754424577	1039.35815293566	137.85795776192	176.092361199761	449.684470739315
ov_tcga_pan_can_atlas_2018	TCGA-29-1778-01	2582.05916230416	1763.70161433555	1458.28422866216	333.735843605234	159.312289233383	114.313275101084	5097.04001504998
ov_tcga_pan_can_atlas_2018	TCGA-29-1777-01	NA	NA	NA	NA	NA	NA	NA
ov_tcga_pan_can_atlas_2018	TCGA-29-1776-01	1178.47532220928	1969.8929034494	942.202070204119	458.140003277662	28.0474830408117	42.4241752589094	3371.95318016987
ov_tcga_pan_can_atlas_2018	TCGA-29-1775-01	NA	NA	NA	NA	NA	NA	NA
ov_tcga_pan_can_atlas_2018	TCGA-29-1774-01	NA	NA	NA	NA	NA	NA	NA
ov_tcga_pan_can_atlas_2018	TCGA-29-1771-01	NA	NA	NA	NA	NA	NA	NA
ov_tcga_pan_can_atlas_2018	TCGA-29-1770-01	1785.24735997031	1503.16986931659	2361.50694939026	981.71503738299	102.625313567487	231.378207245455	4555.04389058408
ov_tcga_pan_can_atlas_2018	TCGA-29-1769-01	NA	NA	NA	NA	NA	NA	NA
ov_tcga_pan_can_atlas_2018	TCGA-29-1768-01	NA	NA	NA	NA	NA	NA	NA
ov_tcga_pan_can_atlas_2018	TCGA-29-1766-01	NA	NA	NA	NA	NA	NA	NA
ov_tcga_pan_can_atlas_2018	TCGA-29-1764-01	NA	NA	NA	NA	NA	NA	NA
ov_tcga_pan_can_atlas_2018	TCGA-29-1763-01	1510.54585620812	1367.76577169562	1827.47965101294	513.039141521311	106.25004800221	129.543236410691	4299.00160993656
ov_tcga_pan_can_atlas_2018	TCGA-29-1762-01	2759.43404527438	3639.89885026313	5094.59832572467	1347.76117502678	249.579263196699	34.8606992927367	432.471757573494
ov_tcga_pan_can_atlas_2018	TCGA-29-1761-01	1897.40142971383	2780.8163106249	2534.56293175021	973.445009777311	243.603806741323	66.5398150244661	272.336379868774
ov_tcga_pan_can_atlas_2018	TCGA-29-1711-01	2136.42611726274	979.575348090552	569.458190795012	1329.09429250014	16.461862185068	43.9790196997481	1473.10274133404
ov_tcga_pan_can_atlas_2018	TCGA-29-1710-01	1177.9319078498	2090.18587286925	1193.44402191277	262.881146705141	242.04605409934	66.7649925279001	3490.85558180901
ov_tcga_pan_can_atlas_2018	TCGA-29-1707-01	NA	NA	NA	NA	NA	NA	NA
ov_tcga_pan_can_atlas_2018	TCGA-29-1705-01	1189.69849224591	2076.03505741722	3694.6215953479	1462.59243488453	22.5718603644076	124.109118537765	3564.66310778417
ov_tcga_pan_can_atlas_2018	TCGA-29-1704-01	NA	NA	NA	NA	NA	NA	NA
ov_tcga_pan_can_atlas_2018	TCGA-29-1703-01	2198.38644433255	1509.63818277594	3967.69590126951	752.815519687972	258.684317993719	63.2951855173423	4718.62111082686
ov_tcga_pan_can_atlas_2018	TCGA-29-1702-01	4189.86699076322	1407.4586986578	2784.49382300814	650.950940386485	264.96700310647	106.491363370381	15193.8640622699
ov_tcga_pan_can_atlas_2018	TCGA-29-1701-01	3480.66689128449	2711.70690692352	3425.14471139474	2400.30123753901	247.179685242763	107.264348391377	934.423317406982